5.981868743896484 0.0078125
5.911800861358643 0.0
5.703846454620361 0.0390625
5.515481472015381 0.0234375
5.198769569396973 0.04296875
5.165299892425537 0.03515625
4.655730724334717 0.0703125
4.725590229034424 0.1171875
4.995535850524902 0.0625
4.908960819244385 0.03125
4.509591579437256 0.07421875
4.419973373413086 0.08203125
4.36338472366333 0.109375
4.346423625946045 0.125
4.338485240936279 0.12890625
4.002674102783203 0.15625
3.642310619354248 0.171875
4.077393531799316 0.13671875
3.888711929321289 0.1640625
3.9981656074523926 0.16015625
3.775378704071045 0.14453125
3.581677198410034 0.1953125
3.6473989486694336 0.140625
3.5554420948028564 0.2109375
3.9309117794036865 0.09765625
3.7052178382873535 0.171875
3.4034159183502197 0.21875
3.570192575454712 0.16015625
3.4666543006896973 0.16796875
3.306485414505005 0.23828125
3.496884346008301 0.2265625
3.2949347496032715 0.23046875
3.381732702255249 0.24609375
3.545584201812744 0.21484375
3.290128469467163 0.234375
3.140298366546631 0.23046875
3.1563494205474854 0.2578125
3.509848117828369 0.17578125
3.5774102210998535 0.1796875
3.3534913063049316 0.203125
3.2784583568573 0.2265625
3.082721471786499 0.21875
3.178252696990967 0.26953125
3.086009979248047 0.26171875
3.1529388427734375 0.2578125
3.2529098987579346 0.2421875
3.0023322105407715 0.2890625
3.242790460586548 0.26171875
3.0606911182403564 0.27734375
3.3600430488586426 0.21875
3.3409841060638428 0.24609375
3.172639846801758 0.27734375
3.156883955001831 0.2890625
3.3499863147735596 0.21484375
3.1603920459747314 0.25
3.1364128589630127 0.29296875
3.142807960510254 0.2578125
2.8811044692993164 0.2734375
3.350933790206909 0.19921875
2.891622304916382 0.27734375
2.6982524394989014 0.31640625
2.818378210067749 0.31640625
3.059908151626587 0.24609375
3.3404178619384766 0.26171875
2.990635871887207 0.30859375
3.1420295238494873 0.2734375
3.0358996391296387 0.27734375
2.838926315307617 0.3203125
3.0441720485687256 0.26171875
2.9649977684020996 0.28515625
3.184246778488159 0.25390625
3.013720750808716 0.27734375
2.9464385509490967 0.265625
2.9299936294555664 0.28515625
2.8933374881744385 0.25
3.09293794631958 0.28125
3.2006685733795166 0.23828125
2.7152957916259766 0.30078125
3.0940566062927246 0.26171875
2.916839122772217 0.2734375
2.870309352874756 0.29296875
2.979550361633301 0.26953125
2.9519739151000977 0.32421875
2.7034735679626465 0.3671875
2.928561210632324 0.296875
2.9659533500671387 0.3125
2.7816977500915527 0.359375
2.996251106262207 0.27734375
2.807267665863037 0.3046875
2.787712335586548 0.34765625
2.6507866382598877 0.33203125
2.577749490737915 0.3203125
2.9517247676849365 0.328125
2.9076733589172363 0.30859375
2.7206473350524902 0.296875
2.714907646179199 0.33203125
2.8435285091400146 0.3359375
2.877601146697998 0.3359375
2.867056131362915 0.32421875
2.8757691383361816 0.34375
2.623279571533203 0.33984375
2.7676758766174316 0.33203125
2.9143147468566895 0.27734375
2.575721025466919 0.37109375
2.8570899963378906 0.33984375
2.895033836364746 0.30078125
2.5284030437469482 0.37890625
2.7510361671447754 0.3203125
2.933793544769287 0.30078125
2.7016053199768066 0.31640625
2.8058347702026367 0.28125
2.563910961151123 0.33984375
2.783538579940796 0.32421875
2.7398643493652344 0.3125
2.7550923824310303 0.36328125
2.750037670135498 0.31640625
2.4750616550445557 0.3828125
2.853623628616333 0.30078125
2.587749481201172 0.34765625
2.78627872467041 0.33984375
2.8263747692108154 0.28515625
2.8042385578155518 0.296875
2.5249736309051514 0.34375
2.7512106895446777 0.29296875
2.760556221008301 0.32421875
2.537182569503784 0.359375
2.664724349975586 0.3984375
2.3698251247406006 0.37109375
2.6757047176361084 0.34765625
2.442871570587158 0.3984375
2.688249111175537 0.31640625
2.514549970626831 0.37109375
2.5809519290924072 0.3515625
2.8221588134765625 0.328125
2.3731398582458496 0.42578125
2.4357566833496094 0.375
2.5774378776550293 0.37890625
2.612950325012207 0.390625
2.723912477493286 0.3515625
2.6484458446502686 0.3671875
2.7282164096832275 0.3671875
2.57000470161438 0.33203125
2.6133995056152344 0.35546875
2.5038352012634277 0.3671875
2.387080669403076 0.40625
2.6130692958831787 0.3828125
2.700364589691162 0.34765625
2.7477266788482666 0.29296875
2.7388925552368164 0.328125
2.5820703506469727 0.35546875
2.543748140335083 0.3671875
2.5413334369659424 0.37109375
2.620422840118408 0.32421875
2.655103921890259 0.35546875
2.6059939861297607 0.3828125
2.7728214263916016 0.3515625
2.3735971450805664 0.3671875
2.492597818374634 0.3671875
2.4450809955596924 0.41015625
2.427975654602051 0.4375
2.452207565307617 0.35546875
2.455592155456543 0.390625
2.691061019897461 0.3515625
2.643521785736084 0.32421875
2.5782854557037354 0.34765625
2.712074041366577 0.37109375
2.521364450454712 0.33203125
2.5683324337005615 0.40625
2.5152130126953125 0.34765625
2.401552200317383 0.38671875
2.429619073867798 0.390625
2.476116180419922 0.40234375
2.450646162033081 0.390625
2.7683327198028564 0.3359375
2.3729124069213867 0.41015625
2.623202085494995 0.39453125
2.634678602218628 0.33984375
2.4421231746673584 0.4375
2.3179824352264404 0.41015625
2.5399739742279053 0.375
2.540443181991577 0.3671875
2.628603458404541 0.38671875
2.6021218299865723 0.30859375
2.5639615058898926 0.3203125
2.440056562423706 0.39453125
2.2980213165283203 0.4453125
2.4188878536224365 0.38671875
2.45774507522583 0.37890625
2.2993862628936768 0.390625
2.569216728210449 0.3671875
2.4240152835845947 0.37890625
2.464691400527954 0.3984375
2.517690658569336 0.3515625
2.3071882724761963 0.41015625
2.438061475753784 0.40234375
2.6019949913024902 0.36328125
2.359983205795288 0.375
2.431950569152832 0.359375
2.434617280960083 0.39453125
2.617135763168335 0.36328125
2.612485885620117 0.37890625
2.5338330268859863 0.36328125
2.2220144271850586 0.45703125
2.4501328468322754 0.4140625
2.510852098464966 0.41015625
2.2867720127105713 0.44140625
2.4384665489196777 0.390625
2.440437078475952 0.390625
2.637636184692383 0.3125
2.5410447120666504 0.3671875
2.648221969604492 0.35546875
2.5517237186431885 0.37109375
2.5885002613067627 0.37890625
2.560563087463379 0.35546875
2.59019136428833 0.35546875
2.522125005722046 0.34765625
2.4433865547180176 0.36328125
2.6050877571105957 0.3828125
2.3811192512512207 0.390625
2.5853710174560547 0.35546875
2.583571195602417 0.34765625
2.477046489715576 0.390625
2.5780460834503174 0.34765625
2.7500414848327637 0.34765625
2.579773187637329 0.359375
2.6583588123321533 0.375
2.6718785762786865 0.36328125
2.36092472076416 0.42578125
2.7051632404327393 0.37109375
2.5872106552124023 0.390625
2.357386827468872 0.36328125
2.4139633178710938 0.3515625
2.5080766677856445 0.3671875
2.5423941612243652 0.34765625
2.3837788105010986 0.37890625
2.511337995529175 0.3515625
2.180723190307617 0.44140625
2.4311349391937256 0.37890625
2.3795297145843506 0.40625
2.312924861907959 0.4140625
2.3963422775268555 0.38671875
2.440579891204834 0.37109375
2.501939535140991 0.39453125
2.3753275871276855 0.4140625
2.203324556350708 0.4296875
2.382906675338745 0.40234375
2.642439603805542 0.3828125
2.4580295085906982 0.390625
2.4163990020751953 0.3828125
2.4152164459228516 0.38671875
2.2197136878967285 0.40234375
2.620103120803833 0.36328125
2.6443889141082764 0.3203125
2.54089617729187 0.3828125
2.3750338554382324 0.41015625
2.5721957683563232 0.3984375
2.4074034690856934 0.4296875
2.526250123977661 0.3828125
2.600311279296875 0.3359375
2.5748772621154785 0.34375
2.32883358001709 0.3984375
2.2374203205108643 0.39453125
2.7166712284088135 0.33984375
2.5633797645568848 0.34375
2.3271820545196533 0.41015625
2.5808048248291016 0.34375
2.542038917541504 0.38671875
2.4498846530914307 0.37890625
2.2496132850646973 0.44921875
2.3917202949523926 0.3984375
2.5140271186828613 0.37109375
2.4063146114349365 0.40625
2.5884461402893066 0.36328125
2.388657569885254 0.34375
2.4313876628875732 0.390625
2.45627760887146 0.37890625
2.427686929702759 0.42578125
2.4144668579101562 0.42578125
2.247788190841675 0.40625
2.535161018371582 0.3515625
2.259110450744629 0.4140625
2.3455169200897217 0.3984375
2.289301872253418 0.421875
2.394536018371582 0.375
2.3731508255004883 0.41015625
2.509964942932129 0.3671875
2.5807433128356934 0.37109375
2.7302565574645996 0.3125
2.3486645221710205 0.40234375
2.3994123935699463 0.39453125
2.6376163959503174 0.3203125
2.3153650760650635 0.4140625
2.728010654449463 0.36328125
2.600606679916382 0.37109375
2.764204740524292 0.3203125
2.450338840484619 0.3671875
2.551074266433716 0.390625
2.595080852508545 0.36328125
2.5774171352386475 0.375
2.561274766921997 0.3828125
2.400636911392212 0.38671875
2.6289234161376953 0.359375
2.307607889175415 0.39453125
2.358592987060547 0.42578125
2.5068061351776123 0.37890625
2.301173686981201 0.40234375
2.4876291751861572 0.37890625
2.2675294876098633 0.41796875
2.2803523540496826 0.3984375
2.3691225051879883 0.40625
2.480707883834839 0.3671875
2.3964407444000244 0.42578125
2.4506967067718506 0.39453125
2.3862879276275635 0.37890625
2.4356744289398193 0.3828125
2.430459976196289 0.35546875
2.600039005279541 0.36328125
2.1347148418426514 0.45703125
2.39213490486145 0.359375
2.1894171237945557 0.42578125
2.3509864807128906 0.40625
2.3220055103302 0.41015625
2.313084602355957 0.39453125
2.4163289070129395 0.37109375
2.28261137008667 0.41015625
2.2837882041931152 0.40625
2.2934601306915283 0.44140625
2.3788061141967773 0.41796875
2.3869986534118652 0.40234375
2.184877872467041 0.44140625
2.476336717605591 0.359375
2.313114643096924 0.421875
2.60408616065979 0.34765625
2.3841781616210938 0.37109375
2.4873311519622803 0.421875
2.5046989917755127 0.359375
2.257838010787964 0.40625
2.188587188720703 0.45703125
2.4194889068603516 0.390625
2.4633185863494873 0.3671875
2.7593610286712646 0.37109375
2.2735254764556885 0.43359375
2.4282116889953613 0.3671875
2.138505458831787 0.42578125
2.324908494949341 0.42578125
2.445495128631592 0.41015625
2.3114562034606934 0.41015625
2.4296786785125732 0.33984375
2.3401436805725098 0.38671875
2.1174397468566895 0.48046875
2.549377202987671 0.3515625
2.3754656314849854 0.390625
2.451096296310425 0.4375
2.284924268722534 0.4140625
2.409295082092285 0.37109375
2.3179914951324463 0.4140625
2.4190521240234375 0.3984375
2.3758203983306885 0.44921875
2.3627192974090576 0.359375
2.300015449523926 0.41796875
2.4865634441375732 0.390625
2.295060157775879 0.4140625
2.3033111095428467 0.41015625
2.141519069671631 0.47265625
2.325843572616577 0.3984375
2.3777735233306885 0.39453125
2.3557326793670654 0.37890625
2.269378662109375 0.4375
2.5698328018188477 0.40625
2.342651844024658 0.4296875
2.3959426879882812 0.37890625
2.5117504596710205 0.375
2.297518253326416 0.4453125
2.349097967147827 0.43359375
2.500779151916504 0.3671875
2.6025874614715576 0.3671875
2.291825771331787 0.43359375
2.2507569789886475 0.42578125
2.4331374168395996 0.40234375
2.6544108390808105 0.36328125
2.2477924823760986 0.44921875
2.515825033187866 0.40234375
2.5413756370544434 0.390625
2.3704605102539062 0.4140625
2.245030403137207 0.44921875
2.5546493530273438 0.36328125
2.4380428791046143 0.390625
2.5291318893432617 0.38671875
2.2872016429901123 0.45703125
2.1380412578582764 0.43359375
2.1545095443725586 0.45703125
2.384094476699829 0.41796875
2.217932939529419 0.40625
2.5094988346099854 0.4140625
2.5829615592956543 0.37109375
2.500739574432373 0.37109375
2.3992552757263184 0.359375
2.3416857719421387 0.390625
2.466823101043701 0.39453125
2.248852252960205 0.4375
2.311333179473877 0.40625
2.4706578254699707 0.4140625
2.3864474296569824 0.3984375
2.3985557556152344 0.359375
2.4673194885253906 0.37890625
2.207453966140747 0.37890625
2.5084688663482666 0.375
2.5184974670410156 0.34765625
2.2039780616760254 0.44921875
2.3556201457977295 0.41796875
2.6205101013183594 0.33203125
2.231776475906372 0.4375
2.281184673309326 0.41796875
2.465085506439209 0.4453125
2.1890196800231934 0.47265625
2.435590982437134 0.37890625
2.44977068901062 0.37109375
2.341073513031006 0.37890625
2.338456392288208 0.4140625
2.2194719314575195 0.40234375
2.524515390396118 0.41015625
2.3978707790374756 0.38671875
2.3136582374572754 0.41796875
2.376945734024048 0.39453125
2.387923240661621 0.40625
2.3503305912017822 0.41796875
2.3631255626678467 0.38671875
2.3913052082061768 0.33984375
2.2268550395965576 0.43359375
2.267086982727051 0.4140625
2.3408167362213135 0.41796875
2.409278392791748 0.375
2.1785237789154053 0.46484375
2.200195074081421 0.47265625
2.24574613571167 0.43359375
2.104142665863037 0.47265625
2.1851208209991455 0.4296875
2.5189499855041504 0.4453125
2.217525005340576 0.4140625
2.376028537750244 0.40234375
2.1891157627105713 0.390625
2.4077253341674805 0.3984375
2.227529287338257 0.42578125
2.415752649307251 0.40625
2.3723795413970947 0.40234375
2.4948973655700684 0.37890625
2.455547332763672 0.3828125
2.4190707206726074 0.40625
2.2645223140716553 0.42578125
2.4717819690704346 0.3515625
2.3261804580688477 0.4296875
2.338188409805298 0.41015625
2.152688980102539 0.41015625
2.2540252208709717 0.40234375
2.2208542823791504 0.421875
2.5623793601989746 0.33203125
2.3963048458099365 0.38671875
2.5054445266723633 0.36328125
2.4390268325805664 0.41015625
2.4282498359680176 0.41015625
2.1886610984802246 0.40234375
2.1965487003326416 0.41015625
2.429377317428589 0.40234375
2.415238618850708 0.37890625
2.3334438800811768 0.39453125
2.332662582397461 0.38671875
2.3688039779663086 0.44140625
2.620142698287964 0.375
2.346073865890503 0.41796875
2.366995096206665 0.39453125
2.274531126022339 0.40234375
2.3311455249786377 0.390625
2.4243533611297607 0.36328125
2.1552650928497314 0.421875
2.0869264602661133 0.5
2.1985208988189697 0.421875
2.409003257751465 0.37890625
2.086991548538208 0.42578125
2.13271164894104 0.41015625
2.2014544010162354 0.42578125
2.2785961627960205 0.37890625
2.4646780490875244 0.3828125
2.39786696434021 0.40234375
2.328503370285034 0.421875
2.4108364582061768 0.37109375
2.5162575244903564 0.37109375
2.4067604541778564 0.375
2.2791590690612793 0.42578125
2.1963465213775635 0.44140625
2.275284767150879 0.41796875
2.14072585105896 0.421875
2.4357235431671143 0.41796875
2.3852720260620117 0.40625
2.4124033451080322 0.40234375
2.390354633331299 0.38671875
2.48624324798584 0.375
2.2352511882781982 0.421875
2.239213705062866 0.40625
2.3968398571014404 0.42578125
2.3253839015960693 0.43359375
2.342083692550659 0.4375
2.175658941268921 0.4296875
2.374105930328369 0.4453125
2.4747095108032227 0.3984375
2.161653995513916 0.40625
2.3128879070281982 0.4140625
2.610780954360962 0.34765625
2.2873175144195557 0.390625
2.3470687866210938 0.41796875
2.3774266242980957 0.39453125
2.3659536838531494 0.421875
2.5703811645507812 0.36328125
2.3222544193267822 0.38671875
2.2923154830932617 0.4375
2.2928647994995117 0.43359375
2.3512203693389893 0.40234375
2.127310037612915 0.44921875
2.168982744216919 0.4453125
2.4051342010498047 0.3671875
2.2215359210968018 0.41015625
2.4768669605255127 0.359375
2.2899961471557617 0.42578125
2.1454861164093018 0.4765625
2.3301074504852295 0.4140625
2.455735445022583 0.40625
2.3862836360931396 0.41796875
2.3389713764190674 0.40625
2.5067474842071533 0.3984375
2.393320083618164 0.41796875
2.324963331222534 0.39453125
2.163245677947998 0.46875
2.45719575881958 0.40625
2.211172342300415 0.44921875
2.26286244392395 0.42578125
2.4025776386260986 0.40625
2.5366296768188477 0.36328125
2.303037166595459 0.4375
2.2240254878997803 0.41796875
2.373739242553711 0.4140625
2.363471031188965 0.42578125
2.5142600536346436 0.35546875
2.2583162784576416 0.42578125
2.321932792663574 0.41796875
2.2281649112701416 0.4453125
2.156156063079834 0.41796875
2.2338719367980957 0.41015625
2.2704479694366455 0.40625
2.412923574447632 0.3671875
2.38419508934021 0.40234375
2.317208766937256 0.421875
2.177243709564209 0.40234375
2.351400852203369 0.3984375
2.413849115371704 0.3984375
2.124835968017578 0.4453125
2.236633062362671 0.4296875
2.391803741455078 0.38671875
2.303410768508911 0.4140625
2.33901309967041 0.4296875
2.4115724563598633 0.39453125
2.269564628601074 0.44140625
2.0909769535064697 0.40234375
2.1527018547058105 0.44140625
2.2512576580047607 0.4453125
2.2016406059265137 0.42578125
2.230299472808838 0.41796875
2.352710723876953 0.42578125
2.392886161804199 0.39453125
2.182821750640869 0.43359375
2.151226758956909 0.47265625
2.2032010555267334 0.41015625
2.112208843231201 0.421875
2.280349016189575 0.37890625
2.3572158813476562 0.39453125
2.288407325744629 0.4296875
2.302670955657959 0.4140625
2.1279728412628174 0.46484375
2.045315980911255 0.4296875
2.3332016468048096 0.42578125
2.100088357925415 0.453125
2.6269922256469727 0.359375
2.1995556354522705 0.453125
2.4391915798187256 0.38671875
2.3859150409698486 0.390625
2.416929244995117 0.390625
2.4263062477111816 0.38671875
2.380476951599121 0.4140625
2.116438627243042 0.421875
2.3685059547424316 0.41015625
2.19954776763916 0.40625
2.1788580417633057 0.41796875
2.499591112136841 0.40234375
2.236131191253662 0.44921875
2.150132656097412 0.45703125
2.3221912384033203 0.421875
2.316281795501709 0.40234375
2.334909200668335 0.421875
2.2939820289611816 0.41015625
2.382786750793457 0.3515625
2.384246587753296 0.375
2.292039632797241 0.3828125
2.4006402492523193 0.37109375
2.4082212448120117 0.3984375
2.2136218547821045 0.421875
2.2474148273468018 0.41796875
2.329601287841797 0.3671875
2.1192402839660645 0.453125
2.380173444747925 0.37890625
2.2198965549468994 0.40625
2.1756017208099365 0.46875
2.29095458984375 0.38671875
2.3465373516082764 0.4140625
2.234755516052246 0.4296875
2.1358139514923096 0.46484375
2.4461801052093506 0.38671875
2.338022470474243 0.4140625
2.254006862640381 0.421875
2.276000499725342 0.38671875
2.160736083984375 0.43359375
2.3708012104034424 0.40234375
2.2858588695526123 0.44921875
2.1570630073547363 0.4609375
2.250591993331909 0.43359375
2.355245351791382 0.4375
2.4266371726989746 0.40625
2.4984049797058105 0.40234375
2.1001787185668945 0.46484375
2.1026511192321777 0.4375
2.1673190593719482 0.4296875
2.334625005722046 0.4375
2.493411064147949 0.375
2.0853893756866455 0.47265625
2.3270387649536133 0.43359375
2.41843843460083 0.38671875
2.230851650238037 0.40625
2.2693839073181152 0.4375
2.1355020999908447 0.43359375
2.3444061279296875 0.37109375
2.332993507385254 0.390625
2.335442304611206 0.4140625
2.2118918895721436 0.421875
2.44661021232605 0.39453125
2.2869694232940674 0.40234375
2.21879243850708 0.4453125
2.103532075881958 0.47265625
2.25559401512146 0.4453125
2.1698989868164062 0.421875
2.0526950359344482 0.41796875
2.394897222518921 0.3828125
2.3363614082336426 0.45703125
2.2971458435058594 0.41015625
2.07248854637146 0.46875
2.150369882583618 0.4765625
2.0855345726013184 0.453125
2.2445006370544434 0.42578125
2.023862838745117 0.46875
2.256645441055298 0.4375
2.2610957622528076 0.42578125
2.2010064125061035 0.38671875
2.1363203525543213 0.44140625
2.3983700275421143 0.36328125
2.4467639923095703 0.36328125
2.353395700454712 0.39453125
2.299647331237793 0.4375
2.4364173412323 0.421875
2.303217887878418 0.43359375
2.1762876510620117 0.44140625
2.370121717453003 0.4375
2.3674349784851074 0.44140625
2.5942118167877197 0.37890625
2.221250534057617 0.43359375
2.1040875911712646 0.48828125
2.2774648666381836 0.4296875
2.4000251293182373 0.37890625
2.4381632804870605 0.35546875
2.3981573581695557 0.453125
2.231281280517578 0.41796875
2.200122833251953 0.41015625
2.3219354152679443 0.3984375
2.295649528503418 0.46484375
2.2516210079193115 0.39453125
2.310635566711426 0.40625
2.209864616394043 0.43359375
2.3123340606689453 0.36328125
2.2935750484466553 0.39453125
2.3182222843170166 0.4453125
2.258282423019409 0.41015625
2.2620155811309814 0.4140625
2.3840579986572266 0.375
2.336897611618042 0.37890625
2.2326788902282715 0.42578125
2.2260799407958984 0.4609375
2.342888832092285 0.4140625
2.168907880783081 0.4609375
2.2908811569213867 0.421875
2.157263994216919 0.4296875
2.175124168395996 0.41796875
2.3121020793914795 0.38671875
2.3186137676239014 0.421875
2.448699474334717 0.375
2.05206298828125 0.4765625
2.218289375305176 0.4296875
2.344069719314575 0.40234375
2.343068838119507 0.37109375
2.236863851547241 0.39453125
2.386582612991333 0.3984375
2.3596060276031494 0.4140625
2.274467945098877 0.43359375
2.0042059421539307 0.4921875
2.2606067657470703 0.453125
2.3779661655426025 0.38671875
2.133422613143921 0.421875
2.084364175796509 0.43359375
2.463027000427246 0.43359375
2.4294869899749756 0.390625
2.0855519771575928 0.42578125
2.2572789192199707 0.41796875
2.1806728839874268 0.45703125
2.4766933917999268 0.3671875
2.3503952026367188 0.40234375
2.2943763732910156 0.4296875
2.4149973392486572 0.375
2.445124864578247 0.390625
2.3247733116149902 0.41015625
2.4566214084625244 0.3828125
2.1792256832122803 0.4453125
1.9840577840805054 0.49609375
2.002912998199463 0.4609375
2.1965389251708984 0.421875
2.236595392227173 0.42578125
2.464935064315796 0.38671875
2.374539613723755 0.37890625
2.3024933338165283 0.42578125
2.108055353164673 0.46875
2.19653058052063 0.44921875
2.0893702507019043 0.4453125
2.345853328704834 0.40234375
2.2392451763153076 0.4375
2.3013296127319336 0.4140625
2.183647394180298 0.46484375
2.381500005722046 0.41796875
2.272350788116455 0.421875
2.6013917922973633 0.34765625
2.149912118911743 0.41015625
2.276344060897827 0.4296875
2.0652952194213867 0.44140625
2.2443039417266846 0.38671875
2.1498491764068604 0.44921875
2.404247999191284 0.35546875
2.2843918800354004 0.4140625
2.296743631362915 0.39453125
1.9884507656097412 0.515625
2.385498285293579 0.41015625
2.368842601776123 0.3984375
2.343660593032837 0.38671875
2.3102526664733887 0.38671875
2.245915174484253 0.42578125
2.1273486614227295 0.4375
2.117793321609497 0.46875
2.571640968322754 0.3515625
2.1945512294769287 0.42578125
2.1891262531280518 0.41015625
2.415428400039673 0.39453125
2.3570151329040527 0.38671875
2.2158846855163574 0.42578125
2.288297176361084 0.38671875
2.3336284160614014 0.4375
2.3512649536132812 0.390625
2.412691354751587 0.43359375
2.538602113723755 0.40625
2.2952880859375 0.421875
2.292595863342285 0.38671875
2.405761480331421 0.38671875
2.1247177124023438 0.48828125
2.3460922241210938 0.3984375
2.274143934249878 0.40625
2.1916356086730957 0.4921875
2.244611978530884 0.4140625
2.1564602851867676 0.44921875
2.5440738201141357 0.390625
2.484543800354004 0.41015625
2.253787040710449 0.40234375
2.29400897026062 0.40625
2.4038245677948 0.43359375
2.2792608737945557 0.44921875
2.260035753250122 0.46484375
1.9973723888397217 0.5078125
2.426874876022339 0.38671875
2.03188157081604 0.4140625
2.254394054412842 0.41796875
2.3708479404449463 0.3828125
2.3245701789855957 0.4375
2.160531759262085 0.4375
2.266641855239868 0.41015625
2.2454161643981934 0.42578125
2.1042094230651855 0.40625
2.27976131439209 0.4140625
2.0853800773620605 0.4140625
2.1814393997192383 0.40625
2.0154669284820557 0.484375
2.4119644165039062 0.38671875
2.3189375400543213 0.390625
2.275334596633911 0.4453125
2.241903305053711 0.4375
2.439544200897217 0.37890625
2.196589708328247 0.40625
2.097219944000244 0.4453125
2.3172552585601807 0.3828125
2.1516976356506348 0.4140625
2.521746873855591 0.35546875
2.1172404289245605 0.46484375
2.0716609954833984 0.4921875
2.3351283073425293 0.39453125
2.1355721950531006 0.45703125
2.51450252532959 0.3828125
2.2182743549346924 0.4375
2.396906614303589 0.3984375
2.3287808895111084 0.3984375
2.1408329010009766 0.40625
2.3887174129486084 0.40625
2.175185203552246 0.44921875
2.180769681930542 0.4453125
2.318110942840576 0.42578125
2.2678818702697754 0.3984375
2.186938524246216 0.4609375
2.357516288757324 0.38671875
2.2223825454711914 0.453125
2.166836738586426 0.4296875
2.2637033462524414 0.4296875
2.2533366680145264 0.35546875
2.4082400798797607 0.375
2.0348916053771973 0.47265625
2.1380882263183594 0.4453125
2.297497272491455 0.39453125
2.1568939685821533 0.47265625
2.2803473472595215 0.4296875
2.3575124740600586 0.421875
1.990378975868225 0.48828125
2.2060678005218506 0.4296875
2.2311511039733887 0.3984375
2.185520648956299 0.4296875
2.156209945678711 0.4609375
2.21914005279541 0.4140625
2.4368460178375244 0.3515625
2.1118838787078857 0.4765625
2.2158491611480713 0.41796875
2.3925538063049316 0.36328125
2.180506944656372 0.3984375
2.320368766784668 0.3984375
2.443577289581299 0.4140625
2.3460748195648193 0.4296875
2.5563440322875977 0.3984375
2.245584011077881 0.41796875
2.14994215965271 0.43359375
2.320605993270874 0.3984375
2.432701349258423 0.3828125
2.36735200881958 0.40234375
2.095857858657837 0.45703125
2.1083288192749023 0.46484375
2.230442762374878 0.44140625
2.424872875213623 0.4375
2.1097850799560547 0.40625
2.0942039489746094 0.45703125
2.297618865966797 0.39453125
2.293205499649048 0.37109375
2.2316765785217285 0.46875
2.1841683387756348 0.39453125
2.1220016479492188 0.484375
2.3107247352600098 0.40234375
2.207811117172241 0.4453125
2.060826063156128 0.4609375
2.1873579025268555 0.4296875
2.2698380947113037 0.41015625
2.2288920879364014 0.375
2.4308438301086426 0.42578125
2.359358072280884 0.41796875
2.36513352394104 0.41796875
2.2366206645965576 0.4296875
2.4046711921691895 0.38671875
2.257150411605835 0.41015625
2.251241445541382 0.37890625
2.1029443740844727 0.421875
2.3482792377471924 0.4296875
2.087463617324829 0.43359375
2.0838429927825928 0.4609375
2.016674041748047 0.48046875
2.434774160385132 0.37109375
2.506025791168213 0.35546875
2.3116679191589355 0.4140625
2.261871814727783 0.4375
2.174848794937134 0.43359375
2.014751434326172 0.484375
2.1610989570617676 0.42578125
2.293515205383301 0.390625
2.1987147331237793 0.41015625
2.407503843307495 0.42578125
2.1512913703918457 0.47265625
2.164457321166992 0.43359375
2.1054577827453613 0.4453125
2.13352370262146 0.44140625
2.4175965785980225 0.375
2.273357629776001 0.40234375
2.062561511993408 0.4453125
2.289308547973633 0.37890625
2.1235218048095703 0.44921875
2.416966676712036 0.390625
2.2297370433807373 0.44921875
2.191534996032715 0.42578125
2.256808042526245 0.3828125
2.0683720111846924 0.41796875
2.1601741313934326 0.421875
2.2268638610839844 0.4140625
2.2962379455566406 0.4140625
2.188486099243164 0.4296875
2.163471221923828 0.43359375
2.2254953384399414 0.39453125
2.162943124771118 0.40234375
2.182941436767578 0.3828125
2.2408549785614014 0.40234375
2.3240387439727783 0.41796875
2.288278818130493 0.40625
2.1835899353027344 0.44140625
2.2433722019195557 0.37890625
2.3055262565612793 0.41015625
1.8821290731430054 0.44921875
2.15157413482666 0.4765625
2.372119665145874 0.42578125
2.2526183128356934 0.3984375
2.12796688079834 0.4375
2.1040544509887695 0.43359375
2.41357159614563 0.39453125
2.287822723388672 0.421875
2.2743775844573975 0.39453125
2.3181023597717285 0.4453125
2.3859450817108154 0.43359375
2.1292831897735596 0.41015625
2.369150161743164 0.4140625
2.348463535308838 0.4375
2.283259868621826 0.375
2.2816367149353027 0.421875
2.2547221183776855 0.453125
2.1201231479644775 0.453125
2.2625598907470703 0.41015625
2.406522512435913 0.390625
2.346261739730835 0.390625
2.3250234127044678 0.390625
2.4933743476867676 0.38671875
2.4659061431884766 0.3671875
2.076117753982544 0.4921875
2.003774404525757 0.48828125
2.1644859313964844 0.43359375
2.5892982482910156 0.3828125
2.5383870601654053 0.41015625
2.4158143997192383 0.375
2.264289379119873 0.41796875
2.0210704803466797 0.46484375
2.1766622066497803 0.45703125
2.139474868774414 0.44921875
2.298977851867676 0.38671875
2.0648348331451416 0.4375
2.2051076889038086 0.48046875
2.1851625442504883 0.41796875
2.0489039421081543 0.46484375
2.60703706741333 0.390625
2.3656251430511475 0.4140625
2.1354355812072754 0.4375
2.3283889293670654 0.40625
2.25822114944458 0.44921875
2.3241889476776123 0.37890625
2.2137014865875244 0.4375
2.128481149673462 0.4609375
2.2370758056640625 0.3984375
2.274233341217041 0.41015625
2.0930516719818115 0.4609375
2.1886041164398193 0.48828125
2.3386521339416504 0.390625
2.3333542346954346 0.390625
2.241278648376465 0.4609375
2.5030813217163086 0.40234375
2.285815715789795 0.40625
2.1686925888061523 0.40625
2.118842124938965 0.4375
2.2756330966949463 0.421875
2.442451238632202 0.41796875
2.3344850540161133 0.41015625
2.2278857231140137 0.40234375
2.4322123527526855 0.421875
2.2206788063049316 0.40234375
2.3911445140838623 0.3984375
2.175447940826416 0.4375
2.114807605743408 0.49609375
2.441563367843628 0.421875
2.0469164848327637 0.4609375
2.2444636821746826 0.453125
2.306445360183716 0.4375
2.310760259628296 0.43359375
2.052677869796753 0.46875
2.447457790374756 0.40625
2.12556529045105 0.46875
2.325608968734741 0.42578125
2.05922794342041 0.4375
2.2264723777770996 0.43359375
2.121959924697876 0.4609375
2.2070541381835938 0.44921875
2.0577733516693115 0.50390625
2.3505325317382812 0.41796875
2.257856607437134 0.40625
2.2026333808898926 0.40234375
2.178725481033325 0.4140625
2.417597770690918 0.37890625
2.315866708755493 0.40625
2.1372010707855225 0.453125
2.2450757026672363 0.43359375
2.1619873046875 0.44921875
2.222386598587036 0.421875
2.223625898361206 0.3984375
2.3577194213867188 0.37109375
2.2905337810516357 0.3984375
2.1877808570861816 0.4140625
2.12515926361084 0.46484375
2.4489598274230957 0.39453125
2.1430041790008545 0.4453125
2.2652294635772705 0.421875
2.1625561714172363 0.43359375
2.1183724403381348 0.421875
2.2168455123901367 0.42578125
2.1362569332122803 0.44140625
2.071150541305542 0.44921875
2.2564303874969482 0.4296875
2.0928709506988525 0.4453125
2.2835805416107178 0.4296875
2.22188663482666 0.4375
2.1452765464782715 0.4140625
2.1253397464752197 0.4296875
2.3265883922576904 0.42578125
2.3188860416412354 0.4375
2.0771241188049316 0.42578125
2.0717241764068604 0.47265625
2.082092523574829 0.44140625
2.3416588306427 0.41796875
2.2355501651763916 0.37109375
2.213089942932129 0.390625
2.2770185470581055 0.4375
2.0554683208465576 0.46484375
2.208775043487549 0.4296875
2.1151039600372314 0.47265625
2.285083293914795 0.4140625
2.278013229370117 0.39453125
2.025928258895874 0.48046875
2.214388132095337 0.43359375
2.0801360607147217 0.4375
1.97318696975708 0.46484375
2.1843667030334473 0.42578125
1.9181957244873047 0.53515625
2.2372007369995117 0.43359375
2.194549798965454 0.4453125
2.334662675857544 0.4375
1.909752607345581 0.44921875
2.2399888038635254 0.44921875
2.3166589736938477 0.4140625
1.89162278175354 0.53515625
2.128028392791748 0.4375
2.274400234222412 0.4296875
2.0693888664245605 0.44140625
2.129089117050171 0.44140625
2.271942377090454 0.421875
2.12593674659729 0.51171875
2.4328155517578125 0.39453125
2.103055953979492 0.4140625
2.1331851482391357 0.4609375
2.2472596168518066 0.40625
2.1063015460968018 0.44921875
2.0970587730407715 0.4296875
2.2416136264801025 0.4140625
2.1248180866241455 0.4453125
2.144138813018799 0.43359375
2.1046767234802246 0.46484375
1.922141432762146 0.51171875
2.195303201675415 0.4140625
2.246631622314453 0.453125
2.0686492919921875 0.4609375
2.18298602104187 0.43359375
2.308514356613159 0.40625
2.004181146621704 0.47265625
1.9879604578018188 0.484375
2.087921619415283 0.47265625
2.0841562747955322 0.453125
2.2666378021240234 0.4375
2.1784095764160156 0.41796875
2.1747629642486572 0.38671875
2.3294107913970947 0.375
2.09507155418396 0.41796875
2.261569023132324 0.40625
2.1708672046661377 0.43359375
2.365743637084961 0.375
2.1968231201171875 0.4296875
2.133983850479126 0.4609375
2.21174693107605 0.50390625
2.479872226715088 0.3984375
1.9713867902755737 0.50390625
2.086178779602051 0.4140625
2.18919038772583 0.44140625
2.2904629707336426 0.4375
2.434234619140625 0.41796875
2.2254109382629395 0.3671875
2.218217611312866 0.39453125
2.412156343460083 0.4140625
2.0228772163391113 0.49609375
1.9414007663726807 0.46875
2.050971031188965 0.46875
2.158376932144165 0.44140625
2.2398905754089355 0.3984375
2.1550567150115967 0.41015625
2.182325839996338 0.43359375
2.148498058319092 0.4140625
2.2655155658721924 0.37890625
2.0952959060668945 0.4453125
2.272508382797241 0.3984375
2.3013763427734375 0.43359375
1.9933462142944336 0.4765625
2.1541409492492676 0.3984375
2.1261980533599854 0.43359375
1.9934107065200806 0.51171875
2.282992124557495 0.44921875
2.2253575325012207 0.40625
2.218107223510742 0.4609375
2.3644707202911377 0.40234375
2.0785951614379883 0.4375
2.058044195175171 0.45703125
2.1678571701049805 0.44140625
2.199174165725708 0.44921875
2.1806256771087646 0.41015625
2.140857458114624 0.41796875
2.3324790000915527 0.3828125
2.334493637084961 0.390625
2.0839436054229736 0.48046875
2.134193181991577 0.46484375
2.2624599933624268 0.41796875
2.210129976272583 0.43359375
2.1559760570526123 0.4375
2.0649924278259277 0.43359375
2.1212987899780273 0.4296875
2.1261017322540283 0.421875
2.0957748889923096 0.4453125
2.1841988563537598 0.46484375
2.059277296066284 0.5
2.3088488578796387 0.390625
2.161907196044922 0.45703125
1.9628828763961792 0.48046875
1.9758223295211792 0.453125
2.1415209770202637 0.45703125
2.2877378463745117 0.37890625
2.1826446056365967 0.4375
2.140878438949585 0.44140625
2.373328447341919 0.4140625
2.076209306716919 0.48828125
2.0754997730255127 0.43359375
1.93129563331604 0.48046875
2.2243645191192627 0.44140625
2.063110113143921 0.46484375
2.2191643714904785 0.4375
2.151869058609009 0.4296875
2.0929102897644043 0.48828125
2.3000922203063965 0.390625
1.984082818031311 0.4921875
2.261409282684326 0.42578125
2.2439990043640137 0.4453125
2.0818042755126953 0.4375
2.1321921348571777 0.4453125
2.2364661693573 0.42578125
2.2285635471343994 0.43359375
2.3750369548797607 0.3984375
2.1478006839752197 0.453125
2.223194122314453 0.42578125
2.364771604537964 0.3828125
1.9788236618041992 0.484375
2.1633827686309814 0.4140625
2.4256441593170166 0.390625
2.223656415939331 0.38671875
2.1584136486053467 0.45703125
2.0804779529571533 0.43359375
1.9826377630233765 0.484375
2.219644546508789 0.453125
2.053473472595215 0.43359375
2.3015224933624268 0.453125
2.0912723541259766 0.4609375
2.053178310394287 0.44921875
1.9806532859802246 0.4765625
2.132899045944214 0.45703125
2.1520636081695557 0.453125
2.046543836593628 0.47265625
2.2202951908111572 0.4296875
2.0800702571868896 0.4609375
2.000000476837158 0.48046875
2.012070894241333 0.45703125
2.0212042331695557 0.42578125
2.141160249710083 0.46484375
2.071312189102173 0.43359375
2.0565671920776367 0.46484375
2.250093698501587 0.375
2.104543924331665 0.48828125
2.111466884613037 0.44140625
2.2313284873962402 0.3984375
1.978342056274414 0.48046875
2.4971656799316406 0.40625
2.2573750019073486 0.44140625
1.9493343830108643 0.47265625
1.9742162227630615 0.4765625
2.1142847537994385 0.4765625
2.130171775817871 0.484375
2.0108723640441895 0.4921875
2.1113507747650146 0.41796875
2.020935297012329 0.4453125
2.23649263381958 0.453125
1.9269856214523315 0.5
2.132829427719116 0.453125
2.1944358348846436 0.41796875
2.0844497680664062 0.40625
2.228883981704712 0.44921875
2.079986572265625 0.43359375
2.0867116451263428 0.4765625
2.0452096462249756 0.42578125
2.2211380004882812 0.41796875
2.1870760917663574 0.40234375
2.0264110565185547 0.453125
2.186054229736328 0.4453125
2.149925708770752 0.43359375
2.0313198566436768 0.49609375
2.1956450939178467 0.44921875
2.080383062362671 0.48046875
2.1126606464385986 0.46875
2.1081182956695557 0.43359375
2.1097464561462402 0.43359375
2.2224924564361572 0.4609375
2.35788893699646 0.375
2.2475974559783936 0.43359375
2.113002300262451 0.44921875
2.1452972888946533 0.40625
2.2488999366760254 0.40625
2.2085304260253906 0.41796875
2.117554187774658 0.44921875
2.116331100463867 0.48046875
2.236647605895996 0.44140625
2.2142465114593506 0.43359375
2.141807794570923 0.42578125
2.050960063934326 0.45703125
2.079186201095581 0.4453125
2.0619802474975586 0.4375
2.2507529258728027 0.44921875
1.988785982131958 0.4609375
2.0813138484954834 0.484375
1.9334659576416016 0.484375
2.3413186073303223 0.41796875
2.0251924991607666 0.48046875
2.30995512008667 0.4140625
2.1274776458740234 0.39453125
1.9787613153457642 0.48046875
2.2182488441467285 0.4296875
1.9075301885604858 0.50390625
2.002110481262207 0.45703125
1.9471157789230347 0.47265625
2.115959882736206 0.47265625
2.3314573764801025 0.421875
2.40852427482605 0.375
2.1672496795654297 0.38671875
2.2328391075134277 0.44921875
2.189572334289551 0.44921875
2.1297764778137207 0.4296875
2.1258702278137207 0.453125
2.1192023754119873 0.3984375
2.129077911376953 0.46875
2.141601800918579 0.41796875
2.173069715499878 0.46484375
2.1886353492736816 0.421875
2.2215921878814697 0.44140625
2.087470769882202 0.4375
2.1997005939483643 0.48046875
1.9429147243499756 0.46875
2.0785012245178223 0.45703125
2.1685736179351807 0.46484375
2.013442039489746 0.5078125
2.2091314792633057 0.45703125
2.121051549911499 0.49609375
2.1932692527770996 0.44921875
2.1095640659332275 0.46875
2.145263433456421 0.45703125
2.2133007049560547 0.40234375
2.222879648208618 0.41796875
2.0121166706085205 0.45703125
2.2148945331573486 0.3828125
1.9442451000213623 0.47265625
2.3189826011657715 0.41015625
2.081174612045288 0.46875
2.1932671070098877 0.45703125
2.2247841358184814 0.4296875
2.27887225151062 0.41015625
2.0301480293273926 0.453125
2.1020588874816895 0.4453125
2.2287843227386475 0.44140625
2.2325336933135986 0.390625
2.1962010860443115 0.41796875
2.204612970352173 0.4609375
2.104962110519409 0.4765625
2.1479718685150146 0.4921875
2.312086820602417 0.421875
2.2214386463165283 0.4375
2.29081392288208 0.4765625
2.2053728103637695 0.39453125
2.0665690898895264 0.46484375
2.3591482639312744 0.41015625
2.1400744915008545 0.46875
2.2214741706848145 0.421875
2.1676318645477295 0.4609375
2.2008583545684814 0.40625
2.1047730445861816 0.4375
1.9614328145980835 0.47265625
2.1218974590301514 0.4609375
2.107625961303711 0.46875
2.2893600463867188 0.40234375
2.2643520832061768 0.40234375
2.1139895915985107 0.43359375
2.006767511367798 0.4765625
2.148174285888672 0.44921875
2.1603147983551025 0.43359375
2.034200668334961 0.4765625
2.0075533390045166 0.515625
2.190263271331787 0.44140625
2.1472725868225098 0.45703125
1.9615116119384766 0.49609375
2.286236524581909 0.40234375
2.141376495361328 0.4296875
2.2094900608062744 0.44921875
2.1511287689208984 0.43359375
2.214998722076416 0.421875
1.9030297994613647 0.50390625
2.0272412300109863 0.4609375
2.1332149505615234 0.44140625
2.3115434646606445 0.42578125
2.316509246826172 0.44140625
2.1247143745422363 0.40625
2.1251161098480225 0.44140625
2.0724446773529053 0.4609375
2.0850093364715576 0.4375
2.196483612060547 0.43359375
2.1722793579101562 0.44921875
2.1487269401550293 0.4453125
2.2532565593719482 0.4296875
2.153188705444336 0.4453125
2.146657943725586 0.453125
2.0805857181549072 0.43359375
2.039130449295044 0.48046875
2.060075283050537 0.453125
2.291626453399658 0.39453125
2.2870919704437256 0.39453125
2.09916615486145 0.44921875
2.084084987640381 0.44140625
2.2519328594207764 0.453125
2.236340284347534 0.40625
2.0062031745910645 0.453125
2.1095027923583984 0.4609375
2.217289686203003 0.4375
2.237072467803955 0.41796875
2.168323278427124 0.3828125
2.422706365585327 0.4140625
2.1762211322784424 0.4453125
2.123020648956299 0.43359375
1.9864205121994019 0.46484375
2.2915380001068115 0.46484375
2.055867910385132 0.45703125
2.094332218170166 0.45703125
1.8231171369552612 0.50390625
2.0300371646881104 0.46875
2.198974132537842 0.4609375
2.140249013900757 0.4609375
2.0329174995422363 0.453125
2.05827260017395 0.453125
2.167283058166504 0.3984375
2.163804531097412 0.421875
2.137679100036621 0.44140625
2.161299705505371 0.43359375
2.0041587352752686 0.45703125
2.2050318717956543 0.43359375
2.0735347270965576 0.45703125
2.373687267303467 0.421875
2.1156649589538574 0.46875
1.9876452684402466 0.47265625
2.013965606689453 0.44140625
2.225208282470703 0.44140625
2.2179369926452637 0.3984375
2.356832981109619 0.41015625
2.229421615600586 0.40234375
2.0168323516845703 0.4921875
2.33689546585083 0.37109375
2.1687583923339844 0.43359375
2.24206805229187 0.41015625
1.9970067739486694 0.45703125
2.063220500946045 0.48046875
2.012845993041992 0.46484375
2.0022847652435303 0.4921875
2.170074701309204 0.4296875
2.1360669136047363 0.41796875
2.080749750137329 0.4453125
2.1438891887664795 0.43359375
2.0646872520446777 0.421875
2.2423434257507324 0.4375
2.4294588565826416 0.3984375
2.2190845012664795 0.43359375
2.054356098175049 0.453125
2.119980812072754 0.453125
2.1096365451812744 0.4296875
2.2506778240203857 0.4140625
2.157399892807007 0.453125
2.2029261589050293 0.4140625
2.293567657470703 0.390625
2.1519830226898193 0.40234375
2.1968579292297363 0.3984375
2.1785929203033447 0.44140625
2.1273300647735596 0.4453125
2.2412631511688232 0.4296875
2.2885801792144775 0.4296875
2.3851399421691895 0.39453125
2.120100498199463 0.41015625
1.9789594411849976 0.421875
2.2541913986206055 0.46875
1.9867174625396729 0.44140625
2.246840715408325 0.44921875
2.2557554244995117 0.43359375
2.1231586933135986 0.453125
2.036865234375 0.4453125
2.099961042404175 0.4296875
2.1121416091918945 0.4296875
2.1179287433624268 0.4375
2.3208651542663574 0.421875
2.222424030303955 0.4453125
2.265045642852783 0.43359375
2.182300090789795 0.4140625
2.3526976108551025 0.359375
2.127364158630371 0.45703125
2.0925846099853516 0.44921875
2.189216136932373 0.421875
2.1155097484588623 0.4609375
2.1617014408111572 0.4375
2.1359503269195557 0.453125
2.018519878387451 0.45703125
2.007648229598999 0.46484375
2.192833185195923 0.39453125
2.033149242401123 0.48046875
2.0588977336883545 0.48046875
2.2573049068450928 0.390625
2.0692079067230225 0.42578125
2.2243094444274902 0.44140625
2.1848440170288086 0.41015625
2.2250242233276367 0.42578125
2.061008930206299 0.43359375
2.2873053550720215 0.40234375
2.031038522720337 0.44921875
2.239274740219116 0.38671875
2.2273175716400146 0.453125
2.1109459400177 0.42578125
2.0562658309936523 0.47265625
2.357670783996582 0.3828125
2.019467353820801 0.49609375
2.023965358734131 0.4921875
2.2948319911956787 0.41015625
2.311105489730835 0.41015625
2.1693854331970215 0.44921875
2.246391534805298 0.390625
2.273122787475586 0.44140625
2.152437686920166 0.4375
1.9392093420028687 0.5078125
2.10779070854187 0.4765625
2.1195456981658936 0.4375
2.2307403087615967 0.44921875
2.2630667686462402 0.42578125
2.089047431945801 0.484375
2.056217908859253 0.45703125
2.0665783882141113 0.46484375
2.185936689376831 0.4375
2.159193754196167 0.3984375
2.030644178390503 0.4453125
2.069334030151367 0.45703125
2.349318027496338 0.4140625
2.1583051681518555 0.42578125
2.161024570465088 0.390625
2.3444371223449707 0.3984375
2.0578927993774414 0.421875
2.0181286334991455 0.48828125
2.090113401412964 0.4609375
2.1664371490478516 0.4609375
2.293262481689453 0.4140625
1.8906877040863037 0.5234375
2.2329635620117188 0.3828125
1.8938865661621094 0.5234375
2.2213900089263916 0.4375
1.9110819101333618 0.48828125
2.1056337356567383 0.45703125
2.2295072078704834 0.421875
2.158827304840088 0.41015625
1.9593428373336792 0.4375
1.9506312608718872 0.4765625
2.329014301300049 0.421875
2.105616331100464 0.47265625
2.1686317920684814 0.42578125
1.992422342300415 0.45703125
2.098161458969116 0.4453125
2.082322597503662 0.46875
2.2593648433685303 0.43359375
2.168773889541626 0.48046875
2.0265421867370605 0.4609375
2.1357266902923584 0.45703125
2.219562292098999 0.4375
2.196241617202759 0.4140625
2.025543451309204 0.4453125
2.0712625980377197 0.44921875
2.024247169494629 0.4609375
2.1489617824554443 0.4296875
2.0551774501800537 0.46875
2.0985946655273438 0.4375
2.055115222930908 0.47265625
1.973612904548645 0.45703125
2.372246265411377 0.39453125
2.132721424102783 0.43359375
2.1377084255218506 0.44921875
2.0577175617218018 0.45703125
2.112142562866211 0.46875
2.1280059814453125 0.48828125
2.2518792152404785 0.4296875
2.377394437789917 0.390625
1.9913182258605957 0.45703125
2.312185764312744 0.40625
2.019094944000244 0.46875
2.3160958290100098 0.4140625
2.1874561309814453 0.41015625
2.1334125995635986 0.4296875
2.0667991638183594 0.4609375
2.146737575531006 0.42578125
2.0392792224884033 0.43359375
2.085982084274292 0.4296875
1.972379446029663 0.48046875
2.05505633354187 0.4296875
2.085451602935791 0.421875
2.11375093460083 0.4453125
2.1600775718688965 0.42578125
2.09623646736145 0.4375
2.072316884994507 0.45703125
2.107590913772583 0.44140625
2.1914007663726807 0.41796875
2.1573867797851562 0.41015625
2.1727793216705322 0.3828125
2.0098164081573486 0.47265625
2.199974536895752 0.4140625
2.122988700866699 0.44921875
1.9830281734466553 0.46875
2.1727468967437744 0.42578125
2.1049349308013916 0.4609375
2.0910887718200684 0.44140625
2.2098233699798584 0.38671875
2.071141242980957 0.47265625
2.2232401371002197 0.4375
2.2038114070892334 0.41796875
2.2802069187164307 0.4140625
2.177990674972534 0.45703125
2.136730432510376 0.4609375
2.191331386566162 0.42578125
2.050980806350708 0.50390625
2.2888023853302 0.41015625
2.207625389099121 0.43359375
2.117220878601074 0.46875
2.130460023880005 0.4140625
2.2131567001342773 0.390625
2.390443801879883 0.35546875
2.012094259262085 0.51953125
2.094774007797241 0.484375
2.322432279586792 0.390625
2.1681864261627197 0.42578125
2.0208301544189453 0.4609375
2.0488333702087402 0.453125
2.1347193717956543 0.4609375
2.3272976875305176 0.40234375
2.2560958862304688 0.37109375
2.167551040649414 0.44140625
2.0946056842803955 0.44921875
2.097884178161621 0.41796875
2.03891921043396 0.48828125
2.0937063694000244 0.44140625
2.0238895416259766 0.45703125
2.1226346492767334 0.44921875
2.1115033626556396 0.44921875
2.075105905532837 0.44921875
2.4338228702545166 0.38671875
2.274320363998413 0.41015625
2.2226548194885254 0.4453125
2.1017351150512695 0.45703125
2.1321494579315186 0.4921875
1.9575579166412354 0.45703125
1.9917333126068115 0.4765625
2.0086264610290527 0.47265625
2.1001579761505127 0.4453125
2.1455237865448 0.44921875
2.3954834938049316 0.37109375
2.1529603004455566 0.4453125
2.08378529548645 0.45703125
2.208158016204834 0.45703125
2.0951054096221924 0.44140625
2.235583543777466 0.42578125
2.1213979721069336 0.453125
2.130768060684204 0.4375
2.1026806831359863 0.40625
2.0002024173736572 0.4765625
2.29634690284729 0.38671875
2.115830898284912 0.44140625
1.9865597486495972 0.49609375
2.273324728012085 0.40234375
2.149885416030884 0.41796875
2.0835306644439697 0.5
2.2003488540649414 0.41796875
2.212674617767334 0.44140625
2.2402455806732178 0.38671875
2.0449788570404053 0.42578125
2.073499917984009 0.4609375
2.3797097206115723 0.40625
2.2560243606567383 0.45703125
1.9084270000457764 0.4921875
2.0829780101776123 0.49609375
2.3526172637939453 0.41796875
1.9480562210083008 0.44140625
2.232926607131958 0.44921875
2.020197868347168 0.4296875
1.8852849006652832 0.4765625
2.0127575397491455 0.484375
1.9296026229858398 0.48828125
2.036893367767334 0.44921875
2.2540903091430664 0.421875
2.0409576892852783 0.44921875
2.114312171936035 0.453125
2.1356563568115234 0.44140625
1.9863274097442627 0.50390625
2.123699903488159 0.4453125
2.256380081176758 0.4453125
2.1163456439971924 0.42578125
2.0780880451202393 0.45703125
1.9284049272537231 0.49609375
2.089449167251587 0.484375
2.3346970081329346 0.35546875
1.9557288885116577 0.46875
2.185875415802002 0.41015625
2.235751152038574 0.4296875
2.18855881690979 0.421875
2.008024215698242 0.44921875
2.211946487426758 0.4140625
2.190225839614868 0.4296875
2.0963876247406006 0.46875
2.0222811698913574 0.46484375
2.2459020614624023 0.421875
2.10264253616333 0.48046875
2.1952621936798096 0.4140625
1.9909727573394775 0.44921875
2.1058480739593506 0.46484375
2.068218469619751 0.46484375
2.2476980686187744 0.41796875
2.1784136295318604 0.44140625
2.230203628540039 0.42578125
2.223879814147949 0.4453125
2.0650928020477295 0.44921875
2.024559736251831 0.48046875
1.9672902822494507 0.47265625
2.052088975906372 0.46484375
2.1938259601593018 0.390625
2.116597890853882 0.4375
2.1265416145324707 0.43359375
2.2901508808135986 0.4140625
1.9374972581863403 0.48046875
2.036191463470459 0.49609375
2.1374030113220215 0.4375
2.218186140060425 0.40234375
2.0410280227661133 0.52734375
2.102041721343994 0.44921875
1.9397566318511963 0.49609375
2.1060338020324707 0.41015625
2.2312324047088623 0.44140625
1.916306972503662 0.453125
2.2442855834960938 0.40625
2.1374380588531494 0.4609375
2.123302936553955 0.453125
2.389620304107666 0.3984375
1.9882560968399048 0.44921875
1.9477583169937134 0.5234375
1.9735031127929688 0.515625
2.0104258060455322 0.5078125
2.074599504470825 0.4609375
1.9572991132736206 0.4921875
2.069185733795166 0.4296875
2.190392255783081 0.44140625
2.027387857437134 0.453125
2.1320858001708984 0.45703125
2.217573404312134 0.4296875
2.1790590286254883 0.4140625
2.0504555702209473 0.46875
2.384974241256714 0.375
2.2057106494903564 0.42578125
2.211953639984131 0.41015625
2.071820020675659 0.46484375
2.0386462211608887 0.484375
1.9876874685287476 0.44921875
2.179037094116211 0.4609375
2.0693199634552 0.4453125
2.2013134956359863 0.45703125
2.3220505714416504 0.4140625
2.04443621635437 0.45703125
2.0521528720855713 0.484375
2.043478488922119 0.47265625
2.246180534362793 0.4375
2.3134665489196777 0.40234375
2.201282024383545 0.42578125
2.214653968811035 0.41015625
2.111599922180176 0.4296875
2.272897243499756 0.42578125
2.149280548095703 0.4375
1.960526943206787 0.4921875
2.1109659671783447 0.48828125
2.1357927322387695 0.4375
2.201282501220703 0.390625
2.113443374633789 0.41015625
2.064556360244751 0.46875
2.0937061309814453 0.46875
2.208364248275757 0.40234375
2.3035285472869873 0.37890625
1.944570779800415 0.48828125
2.2094881534576416 0.40625
1.955437183380127 0.49609375
2.136814594268799 0.40625
2.309260129928589 0.3828125
1.886830449104309 0.484375
2.1789300441741943 0.421875
1.9979233741760254 0.49609375
2.088611125946045 0.41796875
2.226780652999878 0.421875
2.2112045288085938 0.421875
2.261770248413086 0.44140625
1.9663275480270386 0.44921875
2.0268795490264893 0.453125
2.197899580001831 0.43359375
2.179570436477661 0.4140625
1.8199312686920166 0.48046875
2.1565284729003906 0.45703125
2.0932698249816895 0.453125
1.9987025260925293 0.47265625
2.1450586318969727 0.453125
2.106168746948242 0.453125
2.161043643951416 0.4140625
2.0746665000915527 0.40625
2.040039539337158 0.4609375
2.049487590789795 0.46875
2.014007329940796 0.5
1.836927890777588 0.51953125
2.145045518875122 0.4609375
2.2489662170410156 0.39453125
2.047032117843628 0.4609375
2.3352761268615723 0.40625
2.0972931385040283 0.43359375
2.064769744873047 0.42578125
2.008854866027832 0.46875
1.9141536951065063 0.4609375
2.012629508972168 0.5
2.311046838760376 0.43359375
1.9286212921142578 0.4375
2.18812894821167 0.4296875
2.2562310695648193 0.40234375
2.2715694904327393 0.41015625
2.294922351837158 0.38671875
2.1597774028778076 0.44921875
2.305363893508911 0.41015625
2.113847255706787 0.43359375
2.0803420543670654 0.42578125
2.1056220531463623 0.41796875
2.1469287872314453 0.4453125
2.1458346843719482 0.44140625
2.003154754638672 0.4609375
2.050712823867798 0.484375
2.109600305557251 0.4296875
2.222787618637085 0.42578125
2.435397148132324 0.34375
2.278738021850586 0.40234375
2.026798725128174 0.48046875
2.25110125541687 0.4140625
2.0105936527252197 0.46875
2.1494057178497314 0.45703125
2.046912908554077 0.4765625
1.8650338649749756 0.5
2.215294361114502 0.38671875
2.217928886413574 0.4375
2.040029525756836 0.44921875
2.15559720993042 0.4453125
1.9891552925109863 0.45703125
2.121324300765991 0.47265625
2.135856866836548 0.4453125
1.866586685180664 0.46484375
1.9760199785232544 0.48828125
2.2374792098999023 0.4296875
2.016890287399292 0.50390625
1.8865886926651 0.515625
2.069464921951294 0.484375
2.20705246925354 0.40625
2.1027863025665283 0.47265625
1.9310706853866577 0.484375
2.059232711791992 0.46484375
2.103520631790161 0.4375
2.11249041557312 0.45703125
1.851143717765808 0.44921875
2.2338192462921143 0.42578125
2.1328928470611572 0.4453125
2.0924644470214844 0.390625
2.0902037620544434 0.4375
2.18007230758667 0.38671875
2.226411819458008 0.40234375
2.3256726264953613 0.40234375
1.9195128679275513 0.5078125
2.0175061225891113 0.4296875
2.013913154602051 0.4765625
2.3045196533203125 0.421875
2.3057215213775635 0.4296875
2.2170605659484863 0.43359375
1.9528464078903198 0.47265625
1.908342719078064 0.51953125
2.109656810760498 0.43359375
2.178838014602661 0.421875
1.9533897638320923 0.46875
2.095205307006836 0.44140625
2.1791257858276367 0.421875
2.1041035652160645 0.47265625
2.2097561359405518 0.43359375
2.148458480834961 0.42578125
1.9479444026947021 0.53125
2.1159701347351074 0.4375
2.1469509601593018 0.43359375
2.102677822113037 0.4375
2.294541597366333 0.43359375
2.291038990020752 0.43359375
2.17999529838562 0.44921875
2.0500082969665527 0.46484375
2.061021089553833 0.453125
2.138570547103882 0.45703125
2.1878395080566406 0.4140625
2.2688238620758057 0.42578125
2.277357578277588 0.45703125
1.945786714553833 0.5
1.9629604816436768 0.46484375
2.0226521492004395 0.4375
2.0319206714630127 0.45703125
2.017246723175049 0.47265625
2.1864218711853027 0.41796875
2.10139536857605 0.46484375
1.86630380153656 0.4765625
2.1715211868286133 0.40625
2.0265371799468994 0.48046875
2.079102039337158 0.4609375
2.2440102100372314 0.390625
2.152000665664673 0.41796875
2.0992684364318848 0.421875
2.2163877487182617 0.43359375
1.9924260377883911 0.48046875
2.353792428970337 0.359375
2.212130069732666 0.38671875
2.129427671432495 0.43359375
2.1247994899749756 0.44140625
1.9164620637893677 0.46875
2.204411506652832 0.3671875
2.2156431674957275 0.44140625
1.9842617511749268 0.45703125
2.061094045639038 0.46484375
2.3046271800994873 0.38671875
2.0358662605285645 0.4453125
2.0463061332702637 0.4765625
2.283029556274414 0.4140625
2.197758197784424 0.44140625
2.179492712020874 0.41796875
2.000359058380127 0.46484375
2.0440378189086914 0.5078125
2.121739625930786 0.4453125
2.139119863510132 0.453125
2.0161237716674805 0.46875
2.175910234451294 0.4375
2.102414131164551 0.40234375
2.1130123138427734 0.44921875
2.1619372367858887 0.42578125
2.065178155899048 0.4453125
2.03290057182312 0.4609375
2.1098320484161377 0.453125
2.0479936599731445 0.46484375
2.0925076007843018 0.4375
2.1854140758514404 0.421875
2.055933713912964 0.48828125
2.1836814880371094 0.45703125
1.9227571487426758 0.46484375
2.1733574867248535 0.4453125
2.0088391304016113 0.46875
2.0603530406951904 0.46484375
2.2290446758270264 0.4296875
2.403286933898926 0.39453125
2.132366418838501 0.4453125
2.2254137992858887 0.4453125
2.0674057006835938 0.4921875
2.0767507553100586 0.44140625
2.049238920211792 0.453125
2.2426469326019287 0.4296875
2.0841104984283447 0.4921875
2.0560455322265625 0.47265625
2.1543056964874268 0.4609375
2.0682177543640137 0.4765625
1.9167470932006836 0.53125
2.117502212524414 0.46875
2.1731040477752686 0.3984375
2.2476775646209717 0.43359375
2.313772439956665 0.37109375
2.1060166358947754 0.43359375
2.04909086227417 0.484375
2.2493443489074707 0.4453125
2.292227029800415 0.41796875
2.0868592262268066 0.47265625
2.0075480937957764 0.46875
1.9819374084472656 0.44921875
2.122861623764038 0.4609375
2.1203927993774414 0.44921875
2.0408108234405518 0.4453125
2.207136631011963 0.44140625
2.0722641944885254 0.4453125
2.418823719024658 0.40234375
2.2044622898101807 0.43359375
2.131216526031494 0.44140625
2.043137788772583 0.45703125
2.2237086296081543 0.41015625
2.094578981399536 0.4609375
2.05788516998291 0.43359375
2.2763831615448 0.44140625
2.0973880290985107 0.4453125
2.131171703338623 0.46875
2.0525920391082764 0.4765625
2.1902174949645996 0.453125
2.0688319206237793 0.43359375
2.1113715171813965 0.4453125
2.133071184158325 0.453125
2.0939223766326904 0.4609375
2.025015115737915 0.46484375
2.1563010215759277 0.4609375
1.9416577816009521 0.484375
2.1902947425842285 0.40625
2.1983253955841064 0.41796875
2.1990606784820557 0.47265625
2.170386791229248 0.46484375
2.1234655380249023 0.4140625
2.070084810256958 0.453125
2.435629367828369 0.34375
2.1824631690979004 0.4296875
2.210557699203491 0.453125
1.8945306539535522 0.49609375
2.082988739013672 0.44140625
1.985687017440796 0.46484375
2.2064871788024902 0.40234375
2.2840423583984375 0.37890625
2.1821556091308594 0.42578125
2.102815866470337 0.46484375
2.314284324645996 0.4140625
1.992631196975708 0.4609375
2.029304027557373 0.50390625
2.1386537551879883 0.484375
2.1551871299743652 0.4140625
2.1149978637695312 0.45703125
2.023118495941162 0.41796875
2.147728204727173 0.41015625
1.9027769565582275 0.46484375
2.348757028579712 0.40625
2.3700737953186035 0.39453125
2.117795705795288 0.43359375
2.004730701446533 0.4609375
2.213604211807251 0.4453125
2.063516139984131 0.4453125
1.8812116384506226 0.484375
2.2164177894592285 0.44921875
2.2475290298461914 0.44140625
2.099486827850342 0.46875
2.168931484222412 0.43359375
2.1007397174835205 0.46484375
2.024055242538452 0.484375
2.052885055541992 0.44921875
2.1197781562805176 0.4609375
1.926483392715454 0.44921875
2.0494425296783447 0.4375
2.316816806793213 0.37109375
2.0341808795928955 0.50390625
2.093596935272217 0.484375
1.9286470413208008 0.51171875
2.1657726764678955 0.4375
2.0263030529022217 0.44140625
2.096748113632202 0.4375
1.8148704767227173 0.49609375
2.075193166732788 0.44140625
2.1897683143615723 0.4140625
1.999065637588501 0.4375
2.080733060836792 0.44140625
2.085127592086792 0.4765625
2.195422410964966 0.4375
2.0126779079437256 0.4921875
2.1831398010253906 0.40234375
2.0518946647644043 0.45703125
2.1251049041748047 0.421875
2.1442835330963135 0.41015625
2.1079657077789307 0.4375
2.1667654514312744 0.40234375
2.202011823654175 0.42578125
2.04990553855896 0.42578125
2.0795533657073975 0.45703125
2.110166549682617 0.41796875
1.8678622245788574 0.50390625
2.005984306335449 0.49609375
2.1805262565612793 0.45703125
2.138035297393799 0.4375
1.8126022815704346 0.53125
1.9198970794677734 0.484375
1.9522004127502441 0.5
2.1927990913391113 0.40234375
2.180661916732788 0.453125
2.0461244583129883 0.45703125
1.9555988311767578 0.45703125
1.9700721502304077 0.5
1.9573533535003662 0.484375
2.0047545433044434 0.4921875
2.27812123298645 0.41796875
1.9496591091156006 0.484375
2.273226737976074 0.40625
2.212273120880127 0.4375
1.936721920967102 0.484375
1.8954468965530396 0.5078125
2.0892531871795654 0.47265625
1.9981845617294312 0.47265625
1.916209101676941 0.50390625
2.2038121223449707 0.46484375
2.1234288215637207 0.43359375
2.0536937713623047 0.4765625
2.3861515522003174 0.41796875
2.0399227142333984 0.47265625
2.0341928005218506 0.46875
2.132762908935547 0.44921875
2.2204692363739014 0.4375
2.279325485229492 0.421875
2.028216600418091 0.44140625
2.009809970855713 0.48046875
2.1738438606262207 0.42578125
2.077755928039551 0.43359375
2.2280564308166504 0.41015625
2.0975754261016846 0.4453125
2.0653693675994873 0.45703125
1.9952499866485596 0.44921875
2.3237617015838623 0.4296875
1.9085428714752197 0.51171875
2.1357438564300537 0.3828125
2.16062068939209 0.45703125
2.099400520324707 0.4375
2.0623207092285156 0.47265625
1.9342368841171265 0.46875
2.2726144790649414 0.45703125
2.011998414993286 0.48046875
1.9877042770385742 0.484375
2.20603346824646 0.43359375
2.0380470752716064 0.53515625
2.136326313018799 0.43359375
2.056511402130127 0.4609375
2.1015493869781494 0.46875
2.008866786956787 0.4765625
2.1284027099609375 0.47265625
2.2067089080810547 0.42578125
2.1839888095855713 0.4453125
2.021657943725586 0.46484375
2.114150047302246 0.43359375
2.070560932159424 0.4765625
2.2155187129974365 0.47265625
2.1999988555908203 0.44140625
2.167661666870117 0.40625
1.9987891912460327 0.44921875
2.1364240646362305 0.43359375
2.130464553833008 0.46875
2.019880533218384 0.4296875
2.0320563316345215 0.484375
2.0079102516174316 0.45703125
2.3366661071777344 0.40625
2.0353128910064697 0.47265625
1.9721719026565552 0.49609375
2.183034658432007 0.41015625
2.2640228271484375 0.4296875
2.1161351203918457 0.41015625
1.923038125038147 0.42578125
2.302536964416504 0.35546875
2.1788830757141113 0.421875
1.8666300773620605 0.49609375
2.0524485111236572 0.44921875
2.096715211868286 0.4375
2.0834946632385254 0.44140625
2.090834379196167 0.46875
2.043513536453247 0.453125
2.1920998096466064 0.48046875
1.9116873741149902 0.50390625
2.0559167861938477 0.49609375
2.2784531116485596 0.40234375
2.047832489013672 0.45703125
1.918819546699524 0.48828125
2.257495880126953 0.40234375
1.9253640174865723 0.4609375
2.0427749156951904 0.50390625
2.2785346508026123 0.40625
2.1054835319519043 0.43359375
2.1232144832611084 0.4609375
2.0797119140625 0.4609375
2.1969339847564697 0.4609375
1.930369257926941 0.47265625
2.0798089504241943 0.4453125
2.0590460300445557 0.4296875
1.8224494457244873 0.54296875
2.092634677886963 0.45703125
1.9839539527893066 0.48828125
2.210975170135498 0.41015625
2.0871973037719727 0.453125
2.021766185760498 0.42578125
1.9809460639953613 0.4375
2.174152135848999 0.375
2.153290033340454 0.44140625
2.013198137283325 0.50390625
2.180943727493286 0.47265625
2.0133159160614014 0.43359375
1.9071534872055054 0.4765625
2.0758512020111084 0.44921875
2.3189220428466797 0.36328125
1.9595664739608765 0.46484375
2.1117067337036133 0.46875
2.0326013565063477 0.48046875
2.2187716960906982 0.421875
2.1031272411346436 0.4453125
2.3057096004486084 0.4140625
2.058840274810791 0.44921875
1.9771393537521362 0.47265625
1.9023470878601074 0.43359375
2.1873514652252197 0.45703125
1.9345178604125977 0.46875
2.071711301803589 0.48046875
2.0938234329223633 0.46484375
2.0625200271606445 0.47265625
2.0313565731048584 0.4375
2.0909204483032227 0.4375
2.2009787559509277 0.4296875
2.282402992248535 0.40625
2.1874594688415527 0.43359375
2.1284401416778564 0.4296875
2.0532569885253906 0.4296875
1.9702457189559937 0.44140625
2.2775790691375732 0.40234375
2.2515716552734375 0.38671875
2.148132801055908 0.41015625
2.0981318950653076 0.46484375
2.0260848999023438 0.4609375
2.0290303230285645 0.4609375
2.031365156173706 0.4609375
2.073225736618042 0.4296875
2.0920422077178955 0.45703125
2.08097243309021 0.47265625
1.9681179523468018 0.47265625
2.1921842098236084 0.46484375
1.9757477045059204 0.46875
1.8496239185333252 0.5390625
1.8666654825210571 0.49609375
2.268273115158081 0.40625
2.098464250564575 0.43359375
1.9962992668151855 0.46875
2.131199836730957 0.4921875
2.242316722869873 0.43359375
2.095414638519287 0.4375
2.193013906478882 0.45703125
1.7706499099731445 0.53125
1.981281042098999 0.484375
2.0693562030792236 0.42578125
2.1064682006835938 0.4375
2.1836259365081787 0.4296875
2.179666519165039 0.38671875
1.9960862398147583 0.48828125
2.056077241897583 0.453125
2.2484419345855713 0.3984375
2.186011552810669 0.43359375
2.01962947845459 0.4765625
2.1287119388580322 0.4296875
2.243699550628662 0.4296875
2.0274245738983154 0.43359375
1.9401212930679321 0.52734375
2.272855281829834 0.4140625
2.063418388366699 0.43359375
1.9548649787902832 0.48828125
1.945099115371704 0.4609375
2.241992950439453 0.41796875
1.9070241451263428 0.49609375
2.261387586593628 0.4453125
2.191481351852417 0.44921875
2.1271471977233887 0.42578125
2.237262487411499 0.4453125
1.945040225982666 0.4765625
2.16607403755188 0.41015625
2.285446882247925 0.40234375
2.0939159393310547 0.4765625
2.0051538944244385 0.453125
2.1612026691436768 0.41015625
2.2974605560302734 0.44140625
2.0307090282440186 0.4765625
1.9619858264923096 0.46484375
2.061385154724121 0.47265625
1.908732533454895 0.48046875
2.145573139190674 0.40625
2.0467112064361572 0.43359375
2.0097386837005615 0.44921875
2.16015887260437 0.4140625
2.2040793895721436 0.4296875
2.186188220977783 0.4375
2.0368218421936035 0.46875
2.1776554584503174 0.45703125
2.034342050552368 0.4296875
1.9668536186218262 0.47265625
2.0941197872161865 0.44140625
2.160858392715454 0.41796875
1.8971973657608032 0.5
1.909480094909668 0.44921875
2.18416428565979 0.421875
2.0037684440612793 0.45703125
2.1190524101257324 0.45703125
2.1091809272766113 0.44921875
2.083653688430786 0.4453125
1.9364604949951172 0.46484375
2.040200710296631 0.48828125
2.2142717838287354 0.3984375
1.9275898933410645 0.5
2.232128381729126 0.38671875
2.2150073051452637 0.39453125
2.057589054107666 0.45703125
1.9209040403366089 0.48828125
2.0139312744140625 0.4765625
2.0764927864074707 0.47265625
1.9931560754776 0.453125
2.1501989364624023 0.46875
2.167948007583618 0.3984375
2.2108335494995117 0.4140625
2.1474461555480957 0.44921875
2.1683759689331055 0.45703125
2.095128297805786 0.45703125
2.3765363693237305 0.453125
2.0283637046813965 0.48046875
2.227350950241089 0.41015625
2.141284942626953 0.421875
2.0297152996063232 0.44921875
2.0349175930023193 0.4453125
2.054619550704956 0.39453125
1.980148434638977 0.5
2.084575891494751 0.48828125
2.105300188064575 0.4453125
2.128103017807007 0.48046875
2.2302300930023193 0.421875
2.057544469833374 0.4609375
2.0074591636657715 0.46875
2.306610345840454 0.4296875
2.0493831634521484 0.46484375
2.092463970184326 0.4453125
2.0560154914855957 0.45703125
2.1044414043426514 0.4453125
2.1705210208892822 0.4375
1.9945918321609497 0.484375
2.021595001220703 0.48046875
2.1090543270111084 0.45703125
1.9944876432418823 0.50390625
2.296480894088745 0.44140625
2.136451482772827 0.42578125
2.0215957164764404 0.46875
2.1230452060699463 0.43359375
1.9671672582626343 0.48046875
1.9988007545471191 0.46875
2.0503628253936768 0.4375
2.1831343173980713 0.42578125
2.158778190612793 0.41796875
1.9513862133026123 0.453125
2.0159943103790283 0.48046875
2.011417865753174 0.4921875
2.2316484451293945 0.4140625
1.9967200756072998 0.47265625
2.16019868850708 0.453125
2.1602296829223633 0.4296875
2.027442216873169 0.4609375
2.066169500350952 0.484375
2.1431667804718018 0.45703125
2.1736373901367188 0.44921875
2.0902762413024902 0.453125
2.270003318786621 0.375
2.192755699157715 0.453125
2.2582247257232666 0.3828125
2.147362470626831 0.4375
2.282412052154541 0.390625
1.9281874895095825 0.515625
2.1065802574157715 0.44921875
2.085155963897705 0.421875
2.1743741035461426 0.41796875
2.2326760292053223 0.453125
2.0040159225463867 0.421875
2.25107741355896 0.4453125
2.213524341583252 0.4140625
2.161644697189331 0.421875
2.2247538566589355 0.40625
2.0872175693511963 0.44921875
2.1814372539520264 0.44140625
2.048624277114868 0.42578125
2.0005147457122803 0.46484375
2.2554030418395996 0.41796875
2.185746669769287 0.41796875
2.0166141986846924 0.45703125
2.0459017753601074 0.4609375
2.0776896476745605 0.46484375
1.9689446687698364 0.4453125
2.0876963138580322 0.453125
2.1209516525268555 0.42578125
2.0943775177001953 0.43359375
2.0937812328338623 0.42578125
1.9584842920303345 0.49609375
2.0125784873962402 0.44921875
2.04729962348938 0.46484375
2.027282953262329 0.48046875
2.1786694526672363 0.40625
2.1651532649993896 0.4296875
2.186619997024536 0.4140625
1.7770555019378662 0.55078125
1.841756820678711 0.49609375
2.050440788269043 0.4453125
2.187490701675415 0.37890625
2.062251329421997 0.4453125
2.199608087539673 0.41015625
2.172929525375366 0.3984375
2.1085963249206543 0.4609375
2.1650681495666504 0.41015625
1.9038867950439453 0.4765625
2.236219882965088 0.40625
1.9860754013061523 0.453125
1.8965028524398804 0.5078125
1.9466272592544556 0.46875
2.109496593475342 0.46875
2.0666825771331787 0.41796875
2.1079134941101074 0.46875
2.142517566680908 0.44921875
2.0982236862182617 0.4375
2.112501382827759 0.453125
2.1503076553344727 0.4375
2.0350615978240967 0.44921875
2.1961240768432617 0.43359375
2.3026716709136963 0.43359375
2.0826475620269775 0.48828125
2.012444019317627 0.4140625
1.9440068006515503 0.45703125
2.1347007751464844 0.43359375
1.9851866960525513 0.51171875
2.298490285873413 0.375
2.1285483837127686 0.37890625
2.0624592304229736 0.4921875
2.211503028869629 0.453125
2.0925345420837402 0.4609375
2.0291309356689453 0.46484375
2.0471134185791016 0.44140625
2.0942718982696533 0.4375
1.960066556930542 0.5
1.9455927610397339 0.48046875
2.0320403575897217 0.4609375
2.0656626224517822 0.46484375
2.2319889068603516 0.38671875
2.05329966545105 0.4921875
2.150499105453491 0.3671875
2.0063910484313965 0.484375
2.03543758392334 0.44921875
2.170473337173462 0.4609375
2.1833086013793945 0.4375
2.2099220752716064 0.421875
2.140087604522705 0.45703125
2.172602415084839 0.40625
2.011000633239746 0.453125
2.1545610427856445 0.46875
2.1151952743530273 0.44921875
2.1509151458740234 0.41015625
2.0343945026397705 0.453125
2.231670379638672 0.4296875
2.051974296569824 0.44921875
2.039275646209717 0.46875
1.8827987909317017 0.46484375
1.9333456754684448 0.48828125
2.0191638469696045 0.49609375
2.053450345993042 0.45703125
1.935280680656433 0.49609375
1.972657322883606 0.4921875
2.19319748878479 0.4609375
1.829097867012024 0.52734375
1.995619773864746 0.4453125
2.0685019493103027 0.45703125
2.075338840484619 0.484375
1.919411540031433 0.484375
2.0109920501708984 0.5
2.21856427192688 0.45703125
2.159996271133423 0.41796875
2.22135591506958 0.46484375
2.098710298538208 0.4375
1.9889495372772217 0.4609375
2.1453263759613037 0.4765625
2.187492609024048 0.40234375
2.099412441253662 0.46484375
2.0320255756378174 0.45703125
1.9851007461547852 0.5078125
2.023289442062378 0.4140625
2.057421922683716 0.46484375
2.181011438369751 0.41796875
1.9568653106689453 0.49609375
2.1516072750091553 0.4375
2.129138946533203 0.4375
2.128221273422241 0.4375
1.9777543544769287 0.4765625
1.969778299331665 0.515625
2.0827436447143555 0.46875
2.1393566131591797 0.4375
2.15169095993042 0.4453125
1.8749452829360962 0.4921875
2.3066565990448 0.390625
2.0967423915863037 0.46875
2.3770432472229004 0.390625
2.010812759399414 0.47265625
2.062915563583374 0.4453125
1.9535369873046875 0.51171875
2.0196452140808105 0.4453125
2.0334675312042236 0.4765625
2.14298415184021 0.44921875
2.2428910732269287 0.40234375
2.1842501163482666 0.4140625
2.1382501125335693 0.43359375
1.973562240600586 0.43359375
2.0341439247131348 0.4765625
2.478699207305908 0.3828125
2.1965761184692383 0.44921875
2.3239762783050537 0.38671875
2.4734623432159424 0.37890625
2.1985721588134766 0.390625
2.032047748565674 0.46484375
2.20688533782959 0.43359375
2.010725736618042 0.48828125
2.294464588165283 0.44921875
1.9423609972000122 0.48046875
2.0397281646728516 0.421875
2.0009331703186035 0.4609375
2.236015796661377 0.4375
2.2580478191375732 0.4140625
2.0514841079711914 0.47265625
2.0996108055114746 0.42578125
1.9992334842681885 0.46484375
2.0658814907073975 0.48046875
2.2100377082824707 0.44140625
2.2139110565185547 0.46484375
2.0347583293914795 0.46875
1.9714460372924805 0.5
2.088655948638916 0.44921875
2.1299121379852295 0.4296875
2.1859610080718994 0.48046875
1.927317500114441 0.5
2.2280373573303223 0.4140625
2.1577084064483643 0.44921875
2.005826473236084 0.50390625
1.810367465019226 0.546875
1.8605643510818481 0.48046875
2.293327569961548 0.39453125
1.9874852895736694 0.46484375
2.2175838947296143 0.41796875
2.168955087661743 0.41796875
2.0015687942504883 0.4375
2.1508991718292236 0.44921875
1.957783579826355 0.49609375
1.932993769645691 0.49609375
1.9426283836364746 0.46875
2.271066665649414 0.421875
1.9749699831008911 0.515625
2.139340400695801 0.4453125
2.2425503730773926 0.4140625
2.108057737350464 0.4453125
2.101656675338745 0.4921875
2.0323550701141357 0.45703125
2.1643452644348145 0.46875
2.068335771560669 0.43359375
2.2335283756256104 0.43359375
2.2157938480377197 0.44140625
2.069965124130249 0.4375
2.077885150909424 0.45703125
2.0542497634887695 0.453125
2.018416166305542 0.4453125
1.9237903356552124 0.4921875
2.1549715995788574 0.42578125
2.1107659339904785 0.47265625
1.9772378206253052 0.4921875
1.793857455253601 0.484375
2.2987608909606934 0.40234375
2.235297203063965 0.4140625
1.921204686164856 0.4609375
1.943466067314148 0.46484375
2.092834949493408 0.44140625
2.320650100708008 0.40625
2.376765489578247 0.38671875
1.923432469367981 0.50390625
2.1914522647857666 0.453125
2.2241053581237793 0.4375
1.850817084312439 0.5
2.183487892150879 0.45703125
1.9878851175308228 0.5234375
1.921142816543579 0.46875
2.243039846420288 0.36328125
1.984582781791687 0.48828125
1.9689366817474365 0.4375
2.16078782081604 0.40234375
2.0686938762664795 0.45703125
1.9437896013259888 0.4921875
2.167832136154175 0.45703125
1.9592348337173462 0.45703125
1.9789867401123047 0.4375
2.1859984397888184 0.3828125
1.9616880416870117 0.4921875
2.0579121112823486 0.484375
2.2890799045562744 0.4296875
2.1279094219207764 0.40625
1.9088804721832275 0.46484375
2.2160613536834717 0.3984375
1.8995286226272583 0.48046875
2.229151487350464 0.43359375
1.981860876083374 0.51171875
2.269178867340088 0.38671875
2.314937114715576 0.38671875
2.0939888954162598 0.4609375
2.0955145359039307 0.4765625
2.0761146545410156 0.4375
2.170515775680542 0.4375
2.221855640411377 0.42578125
2.1664578914642334 0.43359375
2.0816783905029297 0.4296875
1.9890304803848267 0.4921875
2.0088319778442383 0.48046875
2.119367837905884 0.4296875
1.972190022468567 0.484375
1.8781236410140991 0.54296875
1.988430142402649 0.48046875
2.230043888092041 0.4453125
2.098463296890259 0.40234375
2.33966326713562 0.38671875
2.1003384590148926 0.44140625
2.0253095626831055 0.4453125
2.0839343070983887 0.47265625
2.1222243309020996 0.46875
2.1114346981048584 0.4296875
2.1279075145721436 0.46875
2.1760809421539307 0.4296875
2.226055145263672 0.41015625
2.0331244468688965 0.44140625
2.0243358612060547 0.4765625
2.123150587081909 0.421875
2.231567859649658 0.44921875
2.1850740909576416 0.40234375
2.0635569095611572 0.484375
1.9271034002304077 0.515625
2.003293752670288 0.46875
2.1989574432373047 0.41015625
2.1482787132263184 0.42578125
2.146760940551758 0.4453125
1.9267195463180542 0.4765625
1.9701799154281616 0.48828125
2.0226593017578125 0.484375
2.0675861835479736 0.44921875
2.0585646629333496 0.43359375
2.127495050430298 0.453125
2.033440589904785 0.4765625
2.3490054607391357 0.3984375
2.120464324951172 0.44140625
1.9998061656951904 0.4609375
2.0944581031799316 0.4921875
2.1020805835723877 0.4140625
1.9749493598937988 0.453125
2.024439811706543 0.484375
2.017655849456787 0.453125
2.1255998611450195 0.45703125
2.2050106525421143 0.44921875
2.163217306137085 0.42578125
2.041278600692749 0.453125
2.0251197814941406 0.46484375
1.8162277936935425 0.51953125
2.1593892574310303 0.4453125
2.0113677978515625 0.515625
2.0952529907226562 0.45703125
2.087599992752075 0.453125
2.1816060543060303 0.4140625
2.15777587890625 0.4609375
2.18721079826355 0.4296875
2.102842330932617 0.45703125
2.0890655517578125 0.4609375
2.0127878189086914 0.47265625
2.0156915187835693 0.4765625
2.172860622406006 0.4296875
2.084184169769287 0.4609375
1.9410547018051147 0.4921875
1.9539198875427246 0.46875
2.1079518795013428 0.4609375
1.987302303314209 0.46484375
2.173790693283081 0.4609375
2.0723843574523926 0.45703125
2.128875255584717 0.40625
1.9564673900604248 0.46484375
2.155519962310791 0.421875
2.0174248218536377 0.50390625
2.2331297397613525 0.41796875
2.0500588417053223 0.4921875
2.1357202529907227 0.4609375
2.057488441467285 0.453125
2.0492501258850098 0.4296875
1.7575618028640747 0.53515625
2.160386800765991 0.43359375
2.2097508907318115 0.4296875
2.234891176223755 0.390625
2.149583101272583 0.4140625
2.0914201736450195 0.45703125
1.9547029733657837 0.50390625
2.1077518463134766 0.48046875
1.9841644763946533 0.44921875
2.165433883666992 0.4296875
2.001572608947754 0.48828125
1.8240594863891602 0.5390625
2.234316825866699 0.40234375
2.01479172706604 0.4921875
2.1919236183166504 0.4375
2.0035810470581055 0.4609375
2.240056276321411 0.40625
2.357351541519165 0.41796875
2.2549803256988525 0.3984375
2.2636234760284424 0.4375
2.108278751373291 0.46484375
2.0767874717712402 0.4609375
2.178548574447632 0.45703125
2.336866617202759 0.37890625
2.129094123840332 0.44921875
2.0488383769989014 0.46875
2.2707271575927734 0.4296875
2.08817982673645 0.44921875
1.7565020322799683 0.51171875
2.143972873687744 0.42578125
2.1679089069366455 0.44921875
2.13460636138916 0.47265625
2.1609721183776855 0.41015625
2.157825469970703 0.48046875
1.9736876487731934 0.4453125
2.2776129245758057 0.4375
2.1507468223571777 0.40625
2.115246295928955 0.45703125
2.071101188659668 0.4765625
2.1615211963653564 0.41796875
2.1835250854492188 0.45703125
1.9992001056671143 0.44140625
2.0770468711853027 0.41015625
2.0320422649383545 0.4609375
2.1782774925231934 0.38671875
2.039888858795166 0.46484375
2.155806064605713 0.44140625
2.0113918781280518 0.44921875
1.9828412532806396 0.51171875
2.114664077758789 0.45703125
1.8191916942596436 0.50390625
2.1883487701416016 0.4296875
2.001237392425537 0.45703125
2.0825817584991455 0.41796875
2.287693738937378 0.42578125
2.104959726333618 0.48828125
2.074244260787964 0.45703125
1.971872091293335 0.5078125
2.146817922592163 0.4609375
1.9955188035964966 0.4921875
2.1400322914123535 0.42578125
2.167056083679199 0.4453125
2.0426039695739746 0.47265625
2.0755720138549805 0.45703125
2.0749449729919434 0.46484375
2.093468189239502 0.4765625
2.0866196155548096 0.48046875
2.1065263748168945 0.45703125
2.047220230102539 0.484375
2.110711097717285 0.46484375
2.283125877380371 0.41015625
2.32124662399292 0.38671875
2.1137185096740723 0.45703125
2.297708749771118 0.40234375
2.337418794631958 0.41796875
2.079418659210205 0.43359375
2.0693135261535645 0.44140625
2.164125919342041 0.44140625
1.9574354887008667 0.5
2.042254686355591 0.41796875
2.0906708240509033 0.484375
1.9805535078048706 0.4765625
2.1913113594055176 0.4140625
1.9156373739242554 0.47265625
2.0213475227355957 0.44921875
2.0149693489074707 0.42578125
2.0332694053649902 0.45703125
2.2446277141571045 0.390625
2.1711134910583496 0.43359375
2.134186267852783 0.43359375
1.8282549381256104 0.48828125
2.069932460784912 0.421875
2.1027426719665527 0.46875
1.9606010913848877 0.45703125
2.219505548477173 0.453125
2.086512327194214 0.44140625
2.0349807739257812 0.4453125
2.036655902862549 0.4375
2.0009286403656006 0.44140625
2.154843330383301 0.41015625
2.1908512115478516 0.4375
2.1552512645721436 0.4375
2.0686564445495605 0.48046875
2.270158529281616 0.44140625
2.018254041671753 0.4453125
1.9718037843704224 0.45703125
2.090096950531006 0.4296875
2.0842442512512207 0.4453125
2.179842233657837 0.4609375
2.128859281539917 0.44140625
2.2039787769317627 0.47265625
2.0355584621429443 0.46875
2.138990879058838 0.421875
2.0472583770751953 0.4921875
2.075415849685669 0.46875
1.9869025945663452 0.4921875
2.08394193649292 0.46484375
2.1162421703338623 0.44140625
1.9466907978057861 0.50390625
2.024707078933716 0.46484375
2.3352785110473633 0.40234375
2.245293140411377 0.421875
2.1553244590759277 0.390625
2.079761028289795 0.46484375
1.9653401374816895 0.4921875
1.936798334121704 0.51953125
1.9217579364776611 0.50390625
2.346482753753662 0.40625
2.1107287406921387 0.43359375
2.2685697078704834 0.43359375
2.2412514686584473 0.40625
2.0664281845092773 0.48046875
2.101433277130127 0.41015625
2.080239772796631 0.43359375
2.0368082523345947 0.4296875
2.088205099105835 0.37890625
2.0649235248565674 0.4765625
1.945164680480957 0.484375
2.2474825382232666 0.421875
2.3056912422180176 0.44921875
2.1585605144500732 0.4453125
1.7967643737792969 0.5
2.1021149158477783 0.44921875
1.9446483850479126 0.48828125
2.0541937351226807 0.42578125
2.158517599105835 0.40625
2.08414626121521 0.4453125
2.2025985717773438 0.4453125
2.348747491836548 0.37109375
2.0565693378448486 0.44921875
1.9037004709243774 0.4921875
2.3749988079071045 0.40234375
2.01227068901062 0.45703125
2.0766422748565674 0.453125
2.0348687171936035 0.48828125
1.9740149974822998 0.4453125
2.0009942054748535 0.5078125
1.9903547763824463 0.4140625
2.30237078666687 0.41015625
1.9124400615692139 0.484375
2.1917059421539307 0.4375
2.146223545074463 0.40234375
1.920332908630371 0.47265625
2.166049003601074 0.40625
2.0548479557037354 0.4765625
1.9088642597198486 0.4921875
1.86479651927948 0.53515625
1.919295072555542 0.48046875
2.2506208419799805 0.39453125
2.001213550567627 0.46484375
2.184128522872925 0.41015625
1.8134747743606567 0.49609375
2.1890993118286133 0.46484375
2.1493113040924072 0.4453125
1.9068650007247925 0.52734375
2.2414910793304443 0.44921875
1.9278484582901 0.4921875
2.3769330978393555 0.37890625
1.9958953857421875 0.484375
2.076000213623047 0.4375
2.172727346420288 0.46875
2.1748645305633545 0.44921875
2.1826038360595703 0.42578125
2.0753889083862305 0.47265625
2.2440991401672363 0.41015625
2.021785259246826 0.48828125
2.1182377338409424 0.4296875
2.1951184272766113 0.4296875
2.2110559940338135 0.42578125
2.102984666824341 0.3828125
2.3436434268951416 0.421875
2.018939733505249 0.46875
2.136204481124878 0.4609375
1.9578087329864502 0.4921875
2.1778042316436768 0.4765625
2.1459569931030273 0.46484375
2.0944480895996094 0.42578125
2.231714963912964 0.41796875
2.002338171005249 0.421875
2.1667356491088867 0.46875
2.18973445892334 0.43359375
2.119708776473999 0.46484375
2.09090518951416 0.46484375
2.100781202316284 0.41796875
1.9456297159194946 0.46875
1.994840383529663 0.4765625
2.067051887512207 0.44921875
1.9353729486465454 0.484375
2.2084479331970215 0.4296875
2.1539642810821533 0.421875
1.9224326610565186 0.5234375
2.139545202255249 0.4296875
2.1472198963165283 0.41796875
2.1302289962768555 0.43359375
1.9136408567428589 0.484375
1.9967540502548218 0.47265625
2.1244237422943115 0.44140625
2.1657001972198486 0.41796875
2.088080406188965 0.44140625
2.0049960613250732 0.50390625
1.9949151277542114 0.47265625
1.9242775440216064 0.5
2.116497278213501 0.45703125
2.155406951904297 0.43359375
1.8227593898773193 0.5390625
2.1685678958892822 0.4296875
2.0380115509033203 0.48046875
2.0893502235412598 0.453125
1.9859907627105713 0.47265625
2.343963623046875 0.421875
2.0872855186462402 0.4296875
1.9112924337387085 0.52734375
2.2780861854553223 0.4375
2.0088882446289062 0.45703125
1.9943468570709229 0.4609375
2.165057897567749 0.42578125
2.0257065296173096 0.45703125
1.9234797954559326 0.4921875
1.9945087432861328 0.44921875
2.1866445541381836 0.453125
2.0493550300598145 0.44921875
2.0815088748931885 0.46484375
1.971839189529419 0.44140625
2.1710991859436035 0.43359375
2.168548107147217 0.40625
2.166565179824829 0.46875
2.1812448501586914 0.42578125
2.28912615776062 0.42578125
2.049396514892578 0.45703125
2.002532720565796 0.453125
2.17966365814209 0.41015625
2.2050459384918213 0.41796875
2.119464635848999 0.4453125
2.19815993309021 0.3828125
2.2510147094726562 0.3984375
2.093106508255005 0.4765625
1.9679815769195557 0.4453125
2.181879997253418 0.45703125
2.035839796066284 0.46484375
1.9934574365615845 0.46875
2.2693939208984375 0.40234375
2.0270912647247314 0.48046875
2.0867040157318115 0.44140625
2.0126709938049316 0.4453125
2.010640859603882 0.45703125
1.9096248149871826 0.5078125
2.2508578300476074 0.3984375
1.975671410560608 0.46875
2.1020660400390625 0.47265625
2.0796101093292236 0.48046875
1.915647268295288 0.4921875
1.9534015655517578 0.4296875
2.1871490478515625 0.44140625
1.9297566413879395 0.484375
2.1675772666931152 0.4453125
1.9896535873413086 0.47265625
2.2372756004333496 0.44921875
2.0709311962127686 0.4375
2.108280897140503 0.48046875
2.2108845710754395 0.4140625
2.054034948348999 0.5234375
2.0247461795806885 0.4765625
2.08402419090271 0.46875
1.95184326171875 0.49609375
2.1225390434265137 0.4453125
2.0539040565490723 0.4375
1.7715898752212524 0.53515625
2.053356170654297 0.4375
2.1887340545654297 0.4375
1.9730466604232788 0.49609375
2.1706643104553223 0.46484375
2.0722086429595947 0.44921875
2.3412301540374756 0.39453125
2.0517666339874268 0.4765625
2.225640058517456 0.453125
2.2174909114837646 0.43359375
2.040954113006592 0.50390625
1.993141770362854 0.5
2.0666005611419678 0.4453125
2.0510709285736084 0.48046875
2.080946683883667 0.45703125
2.014136552810669 0.46484375
2.1311848163604736 0.4609375
2.2006146907806396 0.4375
2.029968500137329 0.40625
1.8865827322006226 0.484375
2.0103719234466553 0.46484375
2.3334643840789795 0.390625
2.1328701972961426 0.42578125
2.2060437202453613 0.44921875
2.0864059925079346 0.44921875
2.2457265853881836 0.43359375
2.0648481845855713 0.43359375
1.9922637939453125 0.44140625
2.228811502456665 0.45703125
2.1900906562805176 0.44921875
2.171360969543457 0.40234375
1.9804402589797974 0.48046875
2.3866796493530273 0.39453125
2.127027988433838 0.43359375
2.0952279567718506 0.4765625
2.1913681030273438 0.44140625
1.7741318941116333 0.52734375
2.2518386840820312 0.40234375
1.9170539379119873 0.484375
2.082904100418091 0.4453125
2.1365063190460205 0.4140625
2.048257827758789 0.4453125
2.1107537746429443 0.4296875
2.0717668533325195 0.45703125
2.1356818675994873 0.4453125
2.002676010131836 0.46875
2.06646990776062 0.46484375
2.014953136444092 0.4765625
1.9797693490982056 0.5
1.9852211475372314 0.52734375
2.2340874671936035 0.44921875
2.058462619781494 0.4765625
2.033480644226074 0.453125
1.9994713068008423 0.49609375
2.087576389312744 0.4765625
1.9915571212768555 0.47265625
2.0825376510620117 0.47265625
2.2318928241729736 0.4140625
2.219266891479492 0.3984375
1.894201397895813 0.5
2.1166751384735107 0.46875
2.1565473079681396 0.42578125
2.116236686706543 0.4296875
1.9887526035308838 0.4609375
2.0832631587982178 0.4609375
2.2288312911987305 0.44921875
2.2025182247161865 0.4453125
2.2448410987854004 0.41796875
2.215703010559082 0.421875
1.9731290340423584 0.4609375
1.905648112297058 0.5390625
1.8471932411193848 0.5078125
2.2128477096557617 0.3828125
2.184454917907715 0.43359375
1.9842944145202637 0.46484375
2.2021584510803223 0.41015625
2.1735987663269043 0.4453125
2.328331232070923 0.40625
2.196751832962036 0.41796875
2.0296411514282227 0.46484375
2.37157940864563 0.38671875
2.2322299480438232 0.44921875
2.262720823287964 0.4296875
2.104912757873535 0.4453125
2.116701364517212 0.46875
2.1133546829223633 0.41796875
2.3182835578918457 0.43359375
2.1594550609588623 0.46875
2.093234062194824 0.44140625
2.106513261795044 0.484375
2.0869204998016357 0.44140625
2.1171982288360596 0.47265625
2.024233102798462 0.50390625
2.3162848949432373 0.421875
2.1650736331939697 0.41015625
2.050645112991333 0.46484375
2.0481178760528564 0.44140625
2.2263424396514893 0.43359375
2.2212305068969727 0.40625
2.0679097175598145 0.4765625
